2001003	0616	56931	/JOSS/DATA/RAW/SATELLITE/GOES/G08/4KM/2001/2001003/g08.2001003.0616
2001004	0316	56931	/JOSS/DATA/RAW/SATELLITE/GOES/G08/4KM/2001/2001004/g08.2001004.0316
2001008	2016	56931	/JOSS/DATA/RAW/SATELLITE/GOES/G08/4KM/2001/2001008/g08.2001008.2016
2001009	1916	56931	/JOSS/DATA/RAW/SATELLITE/GOES/G08/4KM/2001/2001009/g08.2001009.1916
2001009	2016	56931	/JOSS/DATA/RAW/SATELLITE/GOES/G08/4KM/2001/2001009/g08.2001009.2016
2001011	2216	56931	/JOSS/DATA/RAW/SATELLITE/GOES/G08/4KM/2001/2001011/g08.2001011.2216
2001019	1816	56931	/JOSS/DATA/RAW/SATELLITE/GOES/G08/4KM/2001/2001019/g08.2001019.1816
2001029	1216	56931	/JOSS/DATA/RAW/SATELLITE/GOES/G08/4KM/2001/2001029/g08.2001029.1216
2001031	0616	56931	/JOSS/DATA/RAW/SATELLITE/GOES/G08/4KM/2001/2001031/g08.2001031.0616
2001034	0216	56931	/JOSS/DATA/RAW/SATELLITE/GOES/G08/4KM/2001/2001034/g08.2001034.0216
2001034	0316	56931	/JOSS/DATA/RAW/SATELLITE/GOES/G08/4KM/2001/2001034/g08.2001034.0316
2001034	0916	56931	/JOSS/DATA/RAW/SATELLITE/GOES/G08/4KM/2001/2001034/g08.2001034.0916
2001036	0716	56931	/JOSS/DATA/RAW/SATELLITE/GOES/G08/4KM/2001/2001036/g08.2001036.0716
2001039	1316	56931	/JOSS/DATA/RAW/SATELLITE/GOES/G08/4KM/2001/2001039/g08.2001039.1316
2001039	2316	38852	/JOSS/DATA/RAW/SATELLITE/GOES/G08/4KM/2001/2001039/g08.2001039.2316
2001040	1016	56931	/JOSS/DATA/RAW/SATELLITE/GOES/G08/4KM/2001/2001040/g08.2001040.1016
2001040	1816	56931	/JOSS/DATA/RAW/SATELLITE/GOES/G08/4KM/2001/2001040/g08.2001040.1816
2001042	1616	56931	/JOSS/DATA/RAW/SATELLITE/GOES/G08/4KM/2001/2001042/g08.2001042.1616
2001043	1516	56931	/JOSS/DATA/RAW/SATELLITE/GOES/G08/4KM/2001/2001043/g08.2001043.1516
2001046	1216	56931	/JOSS/DATA/RAW/SATELLITE/GOES/G08/4KM/2001/2001046/g08.2001046.1216
2001046	1516	56931	/JOSS/DATA/RAW/SATELLITE/GOES/G08/4KM/2001/2001046/g08.2001046.1516
2001048	0816	56931	/JOSS/DATA/RAW/SATELLITE/GOES/G08/4KM/2001/2001048/g08.2001048.0816
2001049	0216	56931	/JOSS/DATA/RAW/SATELLITE/GOES/G08/4KM/2001/2001049/g08.2001049.0216
2001054	0816	56931	/JOSS/DATA/RAW/SATELLITE/GOES/G08/4KM/2001/2001054/g08.2001054.0816
2001058	2316	56931	/JOSS/DATA/RAW/SATELLITE/GOES/G08/4KM/2001/2001058/g08.2001058.2316
2001059	1916	56931	/JOSS/DATA/RAW/SATELLITE/GOES/G08/4KM/2001/2001059/g08.2001059.1916
2001060	1016	56931	/JOSS/DATA/RAW/SATELLITE/GOES/G08/4KM/2001/2001060/g08.2001060.1016
2001065	2016	56931	/JOSS/DATA/RAW/SATELLITE/GOES/G08/4KM/2001/2001065/g08.2001065.2016
2001067	2016	56931	/JOSS/DATA/RAW/SATELLITE/GOES/G08/4KM/2001/2001067/g08.2001067.2016
2001068	0216	56931	/JOSS/DATA/RAW/SATELLITE/GOES/G08/4KM/2001/2001068/g08.2001068.0216
2001068	1816	56931	/JOSS/DATA/RAW/SATELLITE/GOES/G08/4KM/2001/2001068/g08.2001068.1816
2001070	1216	56931	/JOSS/DATA/RAW/SATELLITE/GOES/G08/4KM/2001/2001070/g08.2001070.1216
2001070	2016	56931	/JOSS/DATA/RAW/SATELLITE/GOES/G08/4KM/2001/2001070/g08.2001070.2016
2001072	0116	56931	/JOSS/DATA/RAW/SATELLITE/GOES/G08/4KM/2001/2001072/g08.2001072.0116
2001074	0116	38852	/JOSS/DATA/RAW/SATELLITE/GOES/G08/4KM/2001/2001074/g08.2001074.0116
2001075	0116	56931	/JOSS/DATA/RAW/SATELLITE/GOES/G08/4KM/2001/2001075/g08.2001075.0116
2001076	1816	56931	/JOSS/DATA/RAW/SATELLITE/GOES/G08/4KM/2001/2001076/g08.2001076.1816
2001077	1616	56931	/JOSS/DATA/RAW/SATELLITE/GOES/G08/4KM/2001/2001077/g08.2001077.1616
2001078	1816	56931	/JOSS/DATA/RAW/SATELLITE/GOES/G08/4KM/2001/2001078/g08.2001078.1816
2001080	1816	56931	/JOSS/DATA/RAW/SATELLITE/GOES/G08/4KM/2001/2001080/g08.2001080.1816
2001083	0316	38852	/JOSS/DATA/RAW/SATELLITE/GOES/G08/4KM/2001/2001083/g08.2001083.0316
2001083	1516	56931	/JOSS/DATA/RAW/SATELLITE/GOES/G08/4KM/2001/2001083/g08.2001083.1516
2001084	1916	56931	/JOSS/DATA/RAW/SATELLITE/GOES/G08/4KM/2001/2001084/g08.2001084.1916
2001085	0116	56931	/JOSS/DATA/RAW/SATELLITE/GOES/G08/4KM/2001/2001085/g08.2001085.0116
2001085	1516	56931	/JOSS/DATA/RAW/SATELLITE/GOES/G08/4KM/2001/2001085/g08.2001085.1516
2001086	0116	56931	/JOSS/DATA/RAW/SATELLITE/GOES/G08/4KM/2001/2001086/g08.2001086.0116
2001086	1616	56931	/JOSS/DATA/RAW/SATELLITE/GOES/G08/4KM/2001/2001086/g08.2001086.1616
2001086	1716	56931	/JOSS/DATA/RAW/SATELLITE/GOES/G08/4KM/2001/2001086/g08.2001086.1716
2001086	2316	56931	/JOSS/DATA/RAW/SATELLITE/GOES/G08/4KM/2001/2001086/g08.2001086.2316
2001087	2116	56931	/JOSS/DATA/RAW/SATELLITE/GOES/G08/4KM/2001/2001087/g08.2001087.2116
2001087	2316	56931	/JOSS/DATA/RAW/SATELLITE/GOES/G08/4KM/2001/2001087/g08.2001087.2316
2001088	0316	56931	/JOSS/DATA/RAW/SATELLITE/GOES/G08/4KM/2001/2001088/g08.2001088.0316
2001088	1516	56931	/JOSS/DATA/RAW/SATELLITE/GOES/G08/4KM/2001/2001088/g08.2001088.1516
2001089	0116	56931	/JOSS/DATA/RAW/SATELLITE/GOES/G08/4KM/2001/2001089/g08.2001089.0116
2001091	1616	56931	/JOSS/DATA/RAW/SATELLITE/GOES/G08/4KM/2001/2001091/g08.2001091.1616
2001091	1816	56931	/JOSS/DATA/RAW/SATELLITE/GOES/G08/4KM/2001/2001091/g08.2001091.1816
2001092	0016	38852	/JOSS/DATA/RAW/SATELLITE/GOES/G08/4KM/2001/2001092/g08.2001092.0016
2001092	1316	56931	/JOSS/DATA/RAW/SATELLITE/GOES/G08/4KM/2001/2001092/g08.2001092.1316
2001092	1716	56931	/JOSS/DATA/RAW/SATELLITE/GOES/G08/4KM/2001/2001092/g08.2001092.1716
2001093	0116	56931	/JOSS/DATA/RAW/SATELLITE/GOES/G08/4KM/2001/2001093/g08.2001093.0116
2001093	0716	56931	/JOSS/DATA/RAW/SATELLITE/GOES/G08/4KM/2001/2001093/g08.2001093.0716
2001093	1716	56931	/JOSS/DATA/RAW/SATELLITE/GOES/G08/4KM/2001/2001093/g08.2001093.1716
2001093	1916	56931	/JOSS/DATA/RAW/SATELLITE/GOES/G08/4KM/2001/2001093/g08.2001093.1916
2001093	2116	56931	/JOSS/DATA/RAW/SATELLITE/GOES/G08/4KM/2001/2001093/g08.2001093.2116
2001093	2216	56931	/JOSS/DATA/RAW/SATELLITE/GOES/G08/4KM/2001/2001093/g08.2001093.2216
2001094	1416	56931	/JOSS/DATA/RAW/SATELLITE/GOES/G08/4KM/2001/2001094/g08.2001094.1416
2001094	1716	56931	/JOSS/DATA/RAW/SATELLITE/GOES/G08/4KM/2001/2001094/g08.2001094.1716
2001095	1616	56931	/JOSS/DATA/RAW/SATELLITE/GOES/G08/4KM/2001/2001095/g08.2001095.1616
2001095	1916	56931	/JOSS/DATA/RAW/SATELLITE/GOES/G08/4KM/2001/2001095/g08.2001095.1916
2001096	0016	38852	/JOSS/DATA/RAW/SATELLITE/GOES/G08/4KM/2001/2001096/g08.2001096.0016
2001096	0116	56931	/JOSS/DATA/RAW/SATELLITE/GOES/G08/4KM/2001/2001096/g08.2001096.0116
2001096	0316	56931	/JOSS/DATA/RAW/SATELLITE/GOES/G08/4KM/2001/2001096/g08.2001096.0316
2001096	1516	56931	/JOSS/DATA/RAW/SATELLITE/GOES/G08/4KM/2001/2001096/g08.2001096.1516
2001096	1716	56931	/JOSS/DATA/RAW/SATELLITE/GOES/G08/4KM/2001/2001096/g08.2001096.1716
2001097	0016	38852	/JOSS/DATA/RAW/SATELLITE/GOES/G08/4KM/2001/2001097/g08.2001097.0016
2001097	0316	38852	/JOSS/DATA/RAW/SATELLITE/GOES/G08/4KM/2001/2001097/g08.2001097.0316
2001097	1916	38852	/JOSS/DATA/RAW/SATELLITE/GOES/G08/4KM/2001/2001097/g08.2001097.1916
2001097	2116	38852	/JOSS/DATA/RAW/SATELLITE/GOES/G08/4KM/2001/2001097/g08.2001097.2116
2001098	0316	56931	/JOSS/DATA/RAW/SATELLITE/GOES/G08/4KM/2001/2001098/g08.2001098.0316
2001098	0716	56931	/JOSS/DATA/RAW/SATELLITE/GOES/G08/4KM/2001/2001098/g08.2001098.0716
2001098	1816	56931	/JOSS/DATA/RAW/SATELLITE/GOES/G08/4KM/2001/2001098/g08.2001098.1816
2001099	0816	127148	/JOSS/DATA/RAW/SATELLITE/GOES/G08/4KM/2001/2001099/g08.2001099.0816
2001099	1816	56931	/JOSS/DATA/RAW/SATELLITE/GOES/G08/4KM/2001/2001099/g08.2001099.1816
2001099	1916	38852	/JOSS/DATA/RAW/SATELLITE/GOES/G08/4KM/2001/2001099/g08.2001099.1916
2001099	2016	38852	/JOSS/DATA/RAW/SATELLITE/GOES/G08/4KM/2001/2001099/g08.2001099.2016
2001100	0716	56931	/JOSS/DATA/RAW/SATELLITE/GOES/G08/4KM/2001/2001100/g08.2001100.0716
2001100	1016	56931	/JOSS/DATA/RAW/SATELLITE/GOES/G08/4KM/2001/2001100/g08.2001100.1016
2001100	1616	56931	/JOSS/DATA/RAW/SATELLITE/GOES/G08/4KM/2001/2001100/g08.2001100.1616
2001100	1816	56931	/JOSS/DATA/RAW/SATELLITE/GOES/G08/4KM/2001/2001100/g08.2001100.1816
2001100	2016	38852	/JOSS/DATA/RAW/SATELLITE/GOES/G08/4KM/2001/2001100/g08.2001100.2016
2001100	2116	38852	/JOSS/DATA/RAW/SATELLITE/GOES/G08/4KM/2001/2001100/g08.2001100.2116
2001101	0316	38852	/JOSS/DATA/RAW/SATELLITE/GOES/G08/4KM/2001/2001101/g08.2001101.0316
2001101	2116	38852	/JOSS/DATA/RAW/SATELLITE/GOES/G08/4KM/2001/2001101/g08.2001101.2116
2001101	2216	38852	/JOSS/DATA/RAW/SATELLITE/GOES/G08/4KM/2001/2001101/g08.2001101.2216
2001102	0016	38852	/JOSS/DATA/RAW/SATELLITE/GOES/G08/4KM/2001/2001102/g08.2001102.0016
2001102	0216	38852	/JOSS/DATA/RAW/SATELLITE/GOES/G08/4KM/2001/2001102/g08.2001102.0216
2001102	0316	38852	/JOSS/DATA/RAW/SATELLITE/GOES/G08/4KM/2001/2001102/g08.2001102.0316
2001102	0716	56931	/JOSS/DATA/RAW/SATELLITE/GOES/G08/4KM/2001/2001102/g08.2001102.0716
2001102	1116	56931	/JOSS/DATA/RAW/SATELLITE/GOES/G08/4KM/2001/2001102/g08.2001102.1116
2001102	1316	56931	/JOSS/DATA/RAW/SATELLITE/GOES/G08/4KM/2001/2001102/g08.2001102.1316
2001102	1816	56931	/JOSS/DATA/RAW/SATELLITE/GOES/G08/4KM/2001/2001102/g08.2001102.1816
2001102	1916	56931	/JOSS/DATA/RAW/SATELLITE/GOES/G08/4KM/2001/2001102/g08.2001102.1916
2001102	2116	38852	/JOSS/DATA/RAW/SATELLITE/GOES/G08/4KM/2001/2001102/g08.2001102.2116
2001102	2216	38852	/JOSS/DATA/RAW/SATELLITE/GOES/G08/4KM/2001/2001102/g08.2001102.2216
2001103	0016	38852	/JOSS/DATA/RAW/SATELLITE/GOES/G08/4KM/2001/2001103/g08.2001103.0016
2001103	0316	56931	/JOSS/DATA/RAW/SATELLITE/GOES/G08/4KM/2001/2001103/g08.2001103.0316
2001103	1116	56931	/JOSS/DATA/RAW/SATELLITE/GOES/G08/4KM/2001/2001103/g08.2001103.1116
2001103	1516	56931	/JOSS/DATA/RAW/SATELLITE/GOES/G08/4KM/2001/2001103/g08.2001103.1516
2001103	1616	56931	/JOSS/DATA/RAW/SATELLITE/GOES/G08/4KM/2001/2001103/g08.2001103.1616
2001103	1716	56931	/JOSS/DATA/RAW/SATELLITE/GOES/G08/4KM/2001/2001103/g08.2001103.1716
2001103	1916	56931	/JOSS/DATA/RAW/SATELLITE/GOES/G08/4KM/2001/2001103/g08.2001103.1916
2001103	2016	56931	/JOSS/DATA/RAW/SATELLITE/GOES/G08/4KM/2001/2001103/g08.2001103.2016
2001103	2116	56931	/JOSS/DATA/RAW/SATELLITE/GOES/G08/4KM/2001/2001103/g08.2001103.2116
2001104	0116	56931	/JOSS/DATA/RAW/SATELLITE/GOES/G08/4KM/2001/2001104/g08.2001104.0116
2001104	1016	56931	/JOSS/DATA/RAW/SATELLITE/GOES/G08/4KM/2001/2001104/g08.2001104.1016
2001104	1416	56931	/JOSS/DATA/RAW/SATELLITE/GOES/G08/4KM/2001/2001104/g08.2001104.1416
2001104	1616	56931	/JOSS/DATA/RAW/SATELLITE/GOES/G08/4KM/2001/2001104/g08.2001104.1616
2001104	1716	56931	/JOSS/DATA/RAW/SATELLITE/GOES/G08/4KM/2001/2001104/g08.2001104.1716
2001104	1816	56931	/JOSS/DATA/RAW/SATELLITE/GOES/G08/4KM/2001/2001104/g08.2001104.1816
2001104	2016	56931	/JOSS/DATA/RAW/SATELLITE/GOES/G08/4KM/2001/2001104/g08.2001104.2016
2001104	2116	56931	/JOSS/DATA/RAW/SATELLITE/GOES/G08/4KM/2001/2001104/g08.2001104.2116
2001104	2216	56931	/JOSS/DATA/RAW/SATELLITE/GOES/G08/4KM/2001/2001104/g08.2001104.2216
2001105	0216	56931	/JOSS/DATA/RAW/SATELLITE/GOES/G08/4KM/2001/2001105/g08.2001105.0216
2001105	0316	56931	/JOSS/DATA/RAW/SATELLITE/GOES/G08/4KM/2001/2001105/g08.2001105.0316
2001105	1016	56931	/JOSS/DATA/RAW/SATELLITE/GOES/G08/4KM/2001/2001105/g08.2001105.1016
2001105	1116	56931	/JOSS/DATA/RAW/SATELLITE/GOES/G08/4KM/2001/2001105/g08.2001105.1116
2001105	1216	56931	/JOSS/DATA/RAW/SATELLITE/GOES/G08/4KM/2001/2001105/g08.2001105.1216
2001105	1316	56931	/JOSS/DATA/RAW/SATELLITE/GOES/G08/4KM/2001/2001105/g08.2001105.1316
2001105	1416	56931	/JOSS/DATA/RAW/SATELLITE/GOES/G08/4KM/2001/2001105/g08.2001105.1416
2001105	1616	56931	/JOSS/DATA/RAW/SATELLITE/GOES/G08/4KM/2001/2001105/g08.2001105.1616
2001105	1816	56931	/JOSS/DATA/RAW/SATELLITE/GOES/G08/4KM/2001/2001105/g08.2001105.1816
2001105	1916	56931	/JOSS/DATA/RAW/SATELLITE/GOES/G08/4KM/2001/2001105/g08.2001105.1916
2001105	2016	56931	/JOSS/DATA/RAW/SATELLITE/GOES/G08/4KM/2001/2001105/g08.2001105.2016
2001105	2116	56931	/JOSS/DATA/RAW/SATELLITE/GOES/G08/4KM/2001/2001105/g08.2001105.2116
2001105	2216	56931	/JOSS/DATA/RAW/SATELLITE/GOES/G08/4KM/2001/2001105/g08.2001105.2216
2001105	2316	56931	/JOSS/DATA/RAW/SATELLITE/GOES/G08/4KM/2001/2001105/g08.2001105.2316
2001106	0016	38852	/JOSS/DATA/RAW/SATELLITE/GOES/G08/4KM/2001/2001106/g08.2001106.0016
2001106	0216	56931	/JOSS/DATA/RAW/SATELLITE/GOES/G08/4KM/2001/2001106/g08.2001106.0216
2001106	0616	56931	/JOSS/DATA/RAW/SATELLITE/GOES/G08/4KM/2001/2001106/g08.2001106.0616
2001106	0716	56931	/JOSS/DATA/RAW/SATELLITE/GOES/G08/4KM/2001/2001106/g08.2001106.0716
2001106	1216	56931	/JOSS/DATA/RAW/SATELLITE/GOES/G08/4KM/2001/2001106/g08.2001106.1216
2001106	1516	56931	/JOSS/DATA/RAW/SATELLITE/GOES/G08/4KM/2001/2001106/g08.2001106.1516
2001106	1616	56931	/JOSS/DATA/RAW/SATELLITE/GOES/G08/4KM/2001/2001106/g08.2001106.1616
2001106	1716	56931	/JOSS/DATA/RAW/SATELLITE/GOES/G08/4KM/2001/2001106/g08.2001106.1716
2001106	1816	56931	/JOSS/DATA/RAW/SATELLITE/GOES/G08/4KM/2001/2001106/g08.2001106.1816
2001106	1916	56931	/JOSS/DATA/RAW/SATELLITE/GOES/G08/4KM/2001/2001106/g08.2001106.1916
2001106	2016	56931	/JOSS/DATA/RAW/SATELLITE/GOES/G08/4KM/2001/2001106/g08.2001106.2016
2001106	2116	56931	/JOSS/DATA/RAW/SATELLITE/GOES/G08/4KM/2001/2001106/g08.2001106.2116
2001106	2316	56931	/JOSS/DATA/RAW/SATELLITE/GOES/G08/4KM/2001/2001106/g08.2001106.2316
2001107	0116	56931	/JOSS/DATA/RAW/SATELLITE/GOES/G08/4KM/2001/2001107/g08.2001107.0116
2001107	0216	56931	/JOSS/DATA/RAW/SATELLITE/GOES/G08/4KM/2001/2001107/g08.2001107.0216
2001107	0416	56931	/JOSS/DATA/RAW/SATELLITE/GOES/G08/4KM/2001/2001107/g08.2001107.0416
2001107	0616	56931	/JOSS/DATA/RAW/SATELLITE/GOES/G08/4KM/2001/2001107/g08.2001107.0616
2001107	0816	127148	/JOSS/DATA/RAW/SATELLITE/GOES/G08/4KM/2001/2001107/g08.2001107.0816
2001107	1116	56931	/JOSS/DATA/RAW/SATELLITE/GOES/G08/4KM/2001/2001107/g08.2001107.1116
2001107	1216	56931	/JOSS/DATA/RAW/SATELLITE/GOES/G08/4KM/2001/2001107/g08.2001107.1216
2001107	1316	56931	/JOSS/DATA/RAW/SATELLITE/GOES/G08/4KM/2001/2001107/g08.2001107.1316
2001107	1416	56931	/JOSS/DATA/RAW/SATELLITE/GOES/G08/4KM/2001/2001107/g08.2001107.1416
2001107	1516	56931	/JOSS/DATA/RAW/SATELLITE/GOES/G08/4KM/2001/2001107/g08.2001107.1516
2001107	1616	56931	/JOSS/DATA/RAW/SATELLITE/GOES/G08/4KM/2001/2001107/g08.2001107.1616
2001107	1916	56931	/JOSS/DATA/RAW/SATELLITE/GOES/G08/4KM/2001/2001107/g08.2001107.1916
2001108	0016	38852	/JOSS/DATA/RAW/SATELLITE/GOES/G08/4KM/2001/2001108/g08.2001108.0016
2001108	0316	56931	/JOSS/DATA/RAW/SATELLITE/GOES/G08/4KM/2001/2001108/g08.2001108.0316
2001108	0616	56931	/JOSS/DATA/RAW/SATELLITE/GOES/G08/4KM/2001/2001108/g08.2001108.0616
2001108	0716	56931	/JOSS/DATA/RAW/SATELLITE/GOES/G08/4KM/2001/2001108/g08.2001108.0716
2001108	1016	56931	/JOSS/DATA/RAW/SATELLITE/GOES/G08/4KM/2001/2001108/g08.2001108.1016
2001108	1316	56931	/JOSS/DATA/RAW/SATELLITE/GOES/G08/4KM/2001/2001108/g08.2001108.1316
2001108	1416	56931	/JOSS/DATA/RAW/SATELLITE/GOES/G08/4KM/2001/2001108/g08.2001108.1416
2001108	1516	56931	/JOSS/DATA/RAW/SATELLITE/GOES/G08/4KM/2001/2001108/g08.2001108.1516
2001108	1616	56931	/JOSS/DATA/RAW/SATELLITE/GOES/G08/4KM/2001/2001108/g08.2001108.1616
2001108	1716	56931	/JOSS/DATA/RAW/SATELLITE/GOES/G08/4KM/2001/2001108/g08.2001108.1716
2001108	2016	56931	/JOSS/DATA/RAW/SATELLITE/GOES/G08/4KM/2001/2001108/g08.2001108.2016
2001108	2216	56931	/JOSS/DATA/RAW/SATELLITE/GOES/G08/4KM/2001/2001108/g08.2001108.2216
2001109	0016	38852	/JOSS/DATA/RAW/SATELLITE/GOES/G08/4KM/2001/2001109/g08.2001109.0016
2001109	0316	56931	/JOSS/DATA/RAW/SATELLITE/GOES/G08/4KM/2001/2001109/g08.2001109.0316
2001109	0616	56931	/JOSS/DATA/RAW/SATELLITE/GOES/G08/4KM/2001/2001109/g08.2001109.0616
2001109	0716	56931	/JOSS/DATA/RAW/SATELLITE/GOES/G08/4KM/2001/2001109/g08.2001109.0716
2001109	0916	127148	/JOSS/DATA/RAW/SATELLITE/GOES/G08/4KM/2001/2001109/g08.2001109.0916
2001109	1016	56931	/JOSS/DATA/RAW/SATELLITE/GOES/G08/4KM/2001/2001109/g08.2001109.1016
2001109	1116	56931	/JOSS/DATA/RAW/SATELLITE/GOES/G08/4KM/2001/2001109/g08.2001109.1116
2001109	1216	56931	/JOSS/DATA/RAW/SATELLITE/GOES/G08/4KM/2001/2001109/g08.2001109.1216
2001109	1316	56931	/JOSS/DATA/RAW/SATELLITE/GOES/G08/4KM/2001/2001109/g08.2001109.1316
2001109	1716	38852	/JOSS/DATA/RAW/SATELLITE/GOES/G08/4KM/2001/2001109/g08.2001109.1716
2001109	1816	38852	/JOSS/DATA/RAW/SATELLITE/GOES/G08/4KM/2001/2001109/g08.2001109.1816
2001109	1916	38852	/JOSS/DATA/RAW/SATELLITE/GOES/G08/4KM/2001/2001109/g08.2001109.1916
2001109	2016	56931	/JOSS/DATA/RAW/SATELLITE/GOES/G08/4KM/2001/2001109/g08.2001109.2016
2001109	2116	56931	/JOSS/DATA/RAW/SATELLITE/GOES/G08/4KM/2001/2001109/g08.2001109.2116
2001109	2316	56931	/JOSS/DATA/RAW/SATELLITE/GOES/G08/4KM/2001/2001109/g08.2001109.2316
2001110	0016	38852	/JOSS/DATA/RAW/SATELLITE/GOES/G08/4KM/2001/2001110/g08.2001110.0016
2001110	0116	56931	/JOSS/DATA/RAW/SATELLITE/GOES/G08/4KM/2001/2001110/g08.2001110.0116
2001110	0216	56931	/JOSS/DATA/RAW/SATELLITE/GOES/G08/4KM/2001/2001110/g08.2001110.0216
2001110	0316	56931	/JOSS/DATA/RAW/SATELLITE/GOES/G08/4KM/2001/2001110/g08.2001110.0316
2001110	0416	56931	/JOSS/DATA/RAW/SATELLITE/GOES/G08/4KM/2001/2001110/g08.2001110.0416
2001110	0716	56931	/JOSS/DATA/RAW/SATELLITE/GOES/G08/4KM/2001/2001110/g08.2001110.0716
2001110	1216	56931	/JOSS/DATA/RAW/SATELLITE/GOES/G08/4KM/2001/2001110/g08.2001110.1216
2001110	1516	56931	/JOSS/DATA/RAW/SATELLITE/GOES/G08/4KM/2001/2001110/g08.2001110.1516
2001110	1816	56931	/JOSS/DATA/RAW/SATELLITE/GOES/G08/4KM/2001/2001110/g08.2001110.1816
2001110	1916	38852	/JOSS/DATA/RAW/SATELLITE/GOES/G08/4KM/2001/2001110/g08.2001110.1916
2001110	2016	38852	/JOSS/DATA/RAW/SATELLITE/GOES/G08/4KM/2001/2001110/g08.2001110.2016
2001111	0016	38852	/JOSS/DATA/RAW/SATELLITE/GOES/G08/4KM/2001/2001111/g08.2001111.0016
2001111	0116	38852	/JOSS/DATA/RAW/SATELLITE/GOES/G08/4KM/2001/2001111/g08.2001111.0116
2001111	0416	38852	/JOSS/DATA/RAW/SATELLITE/GOES/G08/4KM/2001/2001111/g08.2001111.0416
2001111	0616	38852	/JOSS/DATA/RAW/SATELLITE/GOES/G08/4KM/2001/2001111/g08.2001111.0616
2001111	0816	38852	/JOSS/DATA/RAW/SATELLITE/GOES/G08/4KM/2001/2001111/g08.2001111.0816
2001111	1216	56931	/JOSS/DATA/RAW/SATELLITE/GOES/G08/4KM/2001/2001111/g08.2001111.1216
2001111	1516	56931	/JOSS/DATA/RAW/SATELLITE/GOES/G08/4KM/2001/2001111/g08.2001111.1516
2001111	1916	56931	/JOSS/DATA/RAW/SATELLITE/GOES/G08/4KM/2001/2001111/g08.2001111.1916
2001111	2016	56931	/JOSS/DATA/RAW/SATELLITE/GOES/G08/4KM/2001/2001111/g08.2001111.2016
2001112	0016	38852	/JOSS/DATA/RAW/SATELLITE/GOES/G08/4KM/2001/2001112/g08.2001112.0016
2001113	0216	56931	/JOSS/DATA/RAW/SATELLITE/GOES/G08/4KM/2001/2001113/g08.2001113.0216
2001113	0316	56931	/JOSS/DATA/RAW/SATELLITE/GOES/G08/4KM/2001/2001113/g08.2001113.0316
2001113	0416	56931	/JOSS/DATA/RAW/SATELLITE/GOES/G08/4KM/2001/2001113/g08.2001113.0416
2001113	1116	56931	/JOSS/DATA/RAW/SATELLITE/GOES/G08/4KM/2001/2001113/g08.2001113.1116
2001113	1216	56931	/JOSS/DATA/RAW/SATELLITE/GOES/G08/4KM/2001/2001113/g08.2001113.1216
2001113	1716	56931	/JOSS/DATA/RAW/SATELLITE/GOES/G08/4KM/2001/2001113/g08.2001113.1716
2001113	1816	56931	/JOSS/DATA/RAW/SATELLITE/GOES/G08/4KM/2001/2001113/g08.2001113.1816
2001113	2116	38852	/JOSS/DATA/RAW/SATELLITE/GOES/G08/4KM/2001/2001113/g08.2001113.2116
2001113	2316	38852	/JOSS/DATA/RAW/SATELLITE/GOES/G08/4KM/2001/2001113/g08.2001113.2316
2001114	0016	38852	/JOSS/DATA/RAW/SATELLITE/GOES/G08/4KM/2001/2001114/g08.2001114.0016
2001114	0316	56931	/JOSS/DATA/RAW/SATELLITE/GOES/G08/4KM/2001/2001114/g08.2001114.0316
2001114	0616	56931	/JOSS/DATA/RAW/SATELLITE/GOES/G08/4KM/2001/2001114/g08.2001114.0616
2001114	1516	56931	/JOSS/DATA/RAW/SATELLITE/GOES/G08/4KM/2001/2001114/g08.2001114.1516
2001114	1616	56931	/JOSS/DATA/RAW/SATELLITE/GOES/G08/4KM/2001/2001114/g08.2001114.1616
2001114	1816	56931	/JOSS/DATA/RAW/SATELLITE/GOES/G08/4KM/2001/2001114/g08.2001114.1816
2001115	0416	56931	/JOSS/DATA/RAW/SATELLITE/GOES/G08/4KM/2001/2001115/g08.2001115.0416
2001115	1116	56931	/JOSS/DATA/RAW/SATELLITE/GOES/G08/4KM/2001/2001115/g08.2001115.1116
2001115	1316	56931	/JOSS/DATA/RAW/SATELLITE/GOES/G08/4KM/2001/2001115/g08.2001115.1316
2001115	1516	56931	/JOSS/DATA/RAW/SATELLITE/GOES/G08/4KM/2001/2001115/g08.2001115.1516
2001115	1716	56931	/JOSS/DATA/RAW/SATELLITE/GOES/G08/4KM/2001/2001115/g08.2001115.1716
2001115	1816	56931	/JOSS/DATA/RAW/SATELLITE/GOES/G08/4KM/2001/2001115/g08.2001115.1816
2001115	2116	56931	/JOSS/DATA/RAW/SATELLITE/GOES/G08/4KM/2001/2001115/g08.2001115.2116
2001116	0216	56931	/JOSS/DATA/RAW/SATELLITE/GOES/G08/4KM/2001/2001116/g08.2001116.0216
2001116	0416	56931	/JOSS/DATA/RAW/SATELLITE/GOES/G08/4KM/2001/2001116/g08.2001116.0416
2001116	0516	56931	/JOSS/DATA/RAW/SATELLITE/GOES/G08/4KM/2001/2001116/g08.2001116.0516
2001116	1516	56931	/JOSS/DATA/RAW/SATELLITE/GOES/G08/4KM/2001/2001116/g08.2001116.1516
2001116	1616	56931	/JOSS/DATA/RAW/SATELLITE/GOES/G08/4KM/2001/2001116/g08.2001116.1616
2001117	0016	38852	/JOSS/DATA/RAW/SATELLITE/GOES/G08/4KM/2001/2001117/g08.2001117.0016
2001117	0316	56931	/JOSS/DATA/RAW/SATELLITE/GOES/G08/4KM/2001/2001117/g08.2001117.0316
2001117	1016	56931	/JOSS/DATA/RAW/SATELLITE/GOES/G08/4KM/2001/2001117/g08.2001117.1016
2001117	1416	56931	/JOSS/DATA/RAW/SATELLITE/GOES/G08/4KM/2001/2001117/g08.2001117.1416
2001117	2016	56931	/JOSS/DATA/RAW/SATELLITE/GOES/G08/4KM/2001/2001117/g08.2001117.2016
2001118	0116	56931	/JOSS/DATA/RAW/SATELLITE/GOES/G08/4KM/2001/2001118/g08.2001118.0116
2001118	0216	56931	/JOSS/DATA/RAW/SATELLITE/GOES/G08/4KM/2001/2001118/g08.2001118.0216
2001118	0316	56931	/JOSS/DATA/RAW/SATELLITE/GOES/G08/4KM/2001/2001118/g08.2001118.0316
2001118	1416	56931	/JOSS/DATA/RAW/SATELLITE/GOES/G08/4KM/2001/2001118/g08.2001118.1416
2001120	0116	56931	/JOSS/DATA/RAW/SATELLITE/GOES/G08/4KM/2001/2001120/g08.2001120.0116
2001120	0216	56931	/JOSS/DATA/RAW/SATELLITE/GOES/G08/4KM/2001/2001120/g08.2001120.0216
2001120	1316	56931	/JOSS/DATA/RAW/SATELLITE/GOES/G08/4KM/2001/2001120/g08.2001120.1316
2001120	1516	56931	/JOSS/DATA/RAW/SATELLITE/GOES/G08/4KM/2001/2001120/g08.2001120.1516
2001120	1616	56931	/JOSS/DATA/RAW/SATELLITE/GOES/G08/4KM/2001/2001120/g08.2001120.1616
2001121	0616	56931	/JOSS/DATA/RAW/SATELLITE/GOES/G08/4KM/2001/2001121/g08.2001121.0616
2001121	0816	56931	/JOSS/DATA/RAW/SATELLITE/GOES/G08/4KM/2001/2001121/g08.2001121.0816
2001121	1116	38852	/JOSS/DATA/RAW/SATELLITE/GOES/G08/4KM/2001/2001121/g08.2001121.1116
2001121	2316	38852	/JOSS/DATA/RAW/SATELLITE/GOES/G08/4KM/2001/2001121/g08.2001121.2316
2001122	0116	38852	/JOSS/DATA/RAW/SATELLITE/GOES/G08/4KM/2001/2001122/g08.2001122.0116
2001122	2016	56931	/JOSS/DATA/RAW/SATELLITE/GOES/G08/4KM/2001/2001122/g08.2001122.2016
2001123	1516	56931	/JOSS/DATA/RAW/SATELLITE/GOES/G08/4KM/2001/2001123/g08.2001123.1516
2001123	2216	38852	/JOSS/DATA/RAW/SATELLITE/GOES/G08/4KM/2001/2001123/g08.2001123.2216
2001124	2116	56931	/JOSS/DATA/RAW/SATELLITE/GOES/G08/4KM/2001/2001124/g08.2001124.2116
2001126	2216	38852	/JOSS/DATA/RAW/SATELLITE/GOES/G08/4KM/2001/2001126/g08.2001126.2216
2001127	0816	56931	/JOSS/DATA/RAW/SATELLITE/GOES/G08/4KM/2001/2001127/g08.2001127.0816
2001128	1916	56931	/JOSS/DATA/RAW/SATELLITE/GOES/G08/4KM/2001/2001128/g08.2001128.1916
2001129	0816	56931	/JOSS/DATA/RAW/SATELLITE/GOES/G08/4KM/2001/2001129/g08.2001129.0816
2001129	1716	56931	/JOSS/DATA/RAW/SATELLITE/GOES/G08/4KM/2001/2001129/g08.2001129.1716
2001129	1916	38852	/JOSS/DATA/RAW/SATELLITE/GOES/G08/4KM/2001/2001129/g08.2001129.1916
2001130	1416	56931	/JOSS/DATA/RAW/SATELLITE/GOES/G08/4KM/2001/2001130/g08.2001130.1416
2001130	2116	38852	/JOSS/DATA/RAW/SATELLITE/GOES/G08/4KM/2001/2001130/g08.2001130.2116
2001131	0516	56931	/JOSS/DATA/RAW/SATELLITE/GOES/G08/4KM/2001/2001131/g08.2001131.0516
2001131	1816	56931	/JOSS/DATA/RAW/SATELLITE/GOES/G08/4KM/2001/2001131/g08.2001131.1816
2001131	1916	56931	/JOSS/DATA/RAW/SATELLITE/GOES/G08/4KM/2001/2001131/g08.2001131.1916
2001131	2216	56931	/JOSS/DATA/RAW/SATELLITE/GOES/G08/4KM/2001/2001131/g08.2001131.2216
2001132	2116	56931	/JOSS/DATA/RAW/SATELLITE/GOES/G08/4KM/2001/2001132/g08.2001132.2116
2001133	0116	56931	/JOSS/DATA/RAW/SATELLITE/GOES/G08/4KM/2001/2001133/g08.2001133.0116
2001133	1216	56931	/JOSS/DATA/RAW/SATELLITE/GOES/G08/4KM/2001/2001133/g08.2001133.1216
2001133	1716	56931	/JOSS/DATA/RAW/SATELLITE/GOES/G08/4KM/2001/2001133/g08.2001133.1716
2001133	2216	56931	/JOSS/DATA/RAW/SATELLITE/GOES/G08/4KM/2001/2001133/g08.2001133.2216
2001134	0016	38852	/JOSS/DATA/RAW/SATELLITE/GOES/G08/4KM/2001/2001134/g08.2001134.0016
2001134	1016	56931	/JOSS/DATA/RAW/SATELLITE/GOES/G08/4KM/2001/2001134/g08.2001134.1016
2001135	0316	56931	/JOSS/DATA/RAW/SATELLITE/GOES/G08/4KM/2001/2001135/g08.2001135.0316
2001135	0816	56931	/JOSS/DATA/RAW/SATELLITE/GOES/G08/4KM/2001/2001135/g08.2001135.0816
2001136	0716	38852	/JOSS/DATA/RAW/SATELLITE/GOES/G08/4KM/2001/2001136/g08.2001136.0716
2001136	1816	38852	/JOSS/DATA/RAW/SATELLITE/GOES/G08/4KM/2001/2001136/g08.2001136.1816
2001136	2116	38852	/JOSS/DATA/RAW/SATELLITE/GOES/G08/4KM/2001/2001136/g08.2001136.2116
2001137	0516	56931	/JOSS/DATA/RAW/SATELLITE/GOES/G08/4KM/2001/2001137/g08.2001137.0516
2001137	1416	56931	/JOSS/DATA/RAW/SATELLITE/GOES/G08/4KM/2001/2001137/g08.2001137.1416
2001137	1816	56931	/JOSS/DATA/RAW/SATELLITE/GOES/G08/4KM/2001/2001137/g08.2001137.1816
2001138	2016	56931	/JOSS/DATA/RAW/SATELLITE/GOES/G08/4KM/2001/2001138/g08.2001138.2016
2001140	1116	56931	/JOSS/DATA/RAW/SATELLITE/GOES/G08/4KM/2001/2001140/g08.2001140.1116
2001140	1616	56931	/JOSS/DATA/RAW/SATELLITE/GOES/G08/4KM/2001/2001140/g08.2001140.1616
2001141	0816	56931	/JOSS/DATA/RAW/SATELLITE/GOES/G08/4KM/2001/2001141/g08.2001141.0816
2001142	1316	56931	/JOSS/DATA/RAW/SATELLITE/GOES/G08/4KM/2001/2001142/g08.2001142.1316
2001142	1716	38852	/JOSS/DATA/RAW/SATELLITE/GOES/G08/4KM/2001/2001142/g08.2001142.1716
2001143	0116	56931	/JOSS/DATA/RAW/SATELLITE/GOES/G08/4KM/2001/2001143/g08.2001143.0116
2001143	1716	56931	/JOSS/DATA/RAW/SATELLITE/GOES/G08/4KM/2001/2001143/g08.2001143.1716
2001144	0716	56931	/JOSS/DATA/RAW/SATELLITE/GOES/G08/4KM/2001/2001144/g08.2001144.0716
2001144	1616	56931	/JOSS/DATA/RAW/SATELLITE/GOES/G08/4KM/2001/2001144/g08.2001144.1616
2001145	1616	38852	/JOSS/DATA/RAW/SATELLITE/GOES/G08/4KM/2001/2001145/g08.2001145.1616
2001146	2016	38852	/JOSS/DATA/RAW/SATELLITE/GOES/G08/4KM/2001/2001146/g08.2001146.2016
2001147	2016	38852	/JOSS/DATA/RAW/SATELLITE/GOES/G08/4KM/2001/2001147/g08.2001147.2016
2001147	2316	38852	/JOSS/DATA/RAW/SATELLITE/GOES/G08/4KM/2001/2001147/g08.2001147.2316
2001148	1016	56931	/JOSS/DATA/RAW/SATELLITE/GOES/G08/4KM/2001/2001148/g08.2001148.1016
2001149	1416	56931	/JOSS/DATA/RAW/SATELLITE/GOES/G08/4KM/2001/2001149/g08.2001149.1416
2001149	2116	38852	/JOSS/DATA/RAW/SATELLITE/GOES/G08/4KM/2001/2001149/g08.2001149.2116
2001151	1116	56931	/JOSS/DATA/RAW/SATELLITE/GOES/G08/4KM/2001/2001151/g08.2001151.1116
2001152	1916	56931	/JOSS/DATA/RAW/SATELLITE/GOES/G08/4KM/2001/2001152/g08.2001152.1916
2001153	1216	56931	/JOSS/DATA/RAW/SATELLITE/GOES/G08/4KM/2001/2001153/g08.2001153.1216
2001154	0516	56931	/JOSS/DATA/RAW/SATELLITE/GOES/G08/4KM/2001/2001154/g08.2001154.0516
2001157	0916	38852	/JOSS/DATA/RAW/SATELLITE/GOES/G08/4KM/2001/2001157/g08.2001157.0916
2001157	1016	56931	/JOSS/DATA/RAW/SATELLITE/GOES/G08/4KM/2001/2001157/g08.2001157.1016
2001158	0216	56931	/JOSS/DATA/RAW/SATELLITE/GOES/G08/4KM/2001/2001158/g08.2001158.0216
2001158	1716	56931	/JOSS/DATA/RAW/SATELLITE/GOES/G08/4KM/2001/2001158/g08.2001158.1716
2001158	2016	56931	/JOSS/DATA/RAW/SATELLITE/GOES/G08/4KM/2001/2001158/g08.2001158.2016
2001159	1416	56931	/JOSS/DATA/RAW/SATELLITE/GOES/G08/4KM/2001/2001159/g08.2001159.1416
2001160	1116	56931	/JOSS/DATA/RAW/SATELLITE/GOES/G08/4KM/2001/2001160/g08.2001160.1116
2001161	1116	56931	/JOSS/DATA/RAW/SATELLITE/GOES/G08/4KM/2001/2001161/g08.2001161.1116
2001161	1316	56931	/JOSS/DATA/RAW/SATELLITE/GOES/G08/4KM/2001/2001161/g08.2001161.1316
2001162	0316	56931	/JOSS/DATA/RAW/SATELLITE/GOES/G08/4KM/2001/2001162/g08.2001162.0316
2001162	0416	56931	/JOSS/DATA/RAW/SATELLITE/GOES/G08/4KM/2001/2001162/g08.2001162.0416
2001162	0516	56931	/JOSS/DATA/RAW/SATELLITE/GOES/G08/4KM/2001/2001162/g08.2001162.0516
2001162	1716	56931	/JOSS/DATA/RAW/SATELLITE/GOES/G08/4KM/2001/2001162/g08.2001162.1716
2001163	0516	38852	/JOSS/DATA/RAW/SATELLITE/GOES/G08/4KM/2001/2001163/g08.2001163.0516
2001163	0616	56931	/JOSS/DATA/RAW/SATELLITE/GOES/G08/4KM/2001/2001163/g08.2001163.0616
2001163	1616	56931	/JOSS/DATA/RAW/SATELLITE/GOES/G08/4KM/2001/2001163/g08.2001163.1616
2001163	1816	56931	/JOSS/DATA/RAW/SATELLITE/GOES/G08/4KM/2001/2001163/g08.2001163.1816
2001163	2116	38852	/JOSS/DATA/RAW/SATELLITE/GOES/G08/4KM/2001/2001163/g08.2001163.2116
2001164	0616	56931	/JOSS/DATA/RAW/SATELLITE/GOES/G08/4KM/2001/2001164/g08.2001164.0616
2001165	2016	38852	/JOSS/DATA/RAW/SATELLITE/GOES/G08/4KM/2001/2001165/g08.2001165.2016
2001168	1916	38852	/JOSS/DATA/RAW/SATELLITE/GOES/G08/4KM/2001/2001168/g08.2001168.1916
2001169	0216	38852	/JOSS/DATA/RAW/SATELLITE/GOES/G08/4KM/2001/2001169/g08.2001169.0216
2001169	0516	56931	/JOSS/DATA/RAW/SATELLITE/GOES/G08/4KM/2001/2001169/g08.2001169.0516
2001169	1416	56931	/JOSS/DATA/RAW/SATELLITE/GOES/G08/4KM/2001/2001169/g08.2001169.1416
2001169	1616	56931	/JOSS/DATA/RAW/SATELLITE/GOES/G08/4KM/2001/2001169/g08.2001169.1616
2001171	0616	56931	/JOSS/DATA/RAW/SATELLITE/GOES/G08/4KM/2001/2001171/g08.2001171.0616
2001171	1616	38852	/JOSS/DATA/RAW/SATELLITE/GOES/G08/4KM/2001/2001171/g08.2001171.1616
2001172	0016	38852	/JOSS/DATA/RAW/SATELLITE/GOES/G08/4KM/2001/2001172/g08.2001172.0016
2001173	1816	56931	/JOSS/DATA/RAW/SATELLITE/GOES/G08/4KM/2001/2001173/g08.2001173.1816
2001174	0516	56931	/JOSS/DATA/RAW/SATELLITE/GOES/G08/4KM/2001/2001174/g08.2001174.0516
2001174	1616	56931	/JOSS/DATA/RAW/SATELLITE/GOES/G08/4KM/2001/2001174/g08.2001174.1616
2001174	1716	56931	/JOSS/DATA/RAW/SATELLITE/GOES/G08/4KM/2001/2001174/g08.2001174.1716
2001175	1616	56931	/JOSS/DATA/RAW/SATELLITE/GOES/G08/4KM/2001/2001175/g08.2001175.1616
2001175	1716	56931	/JOSS/DATA/RAW/SATELLITE/GOES/G08/4KM/2001/2001175/g08.2001175.1716
2001176	0516	56931	/JOSS/DATA/RAW/SATELLITE/GOES/G08/4KM/2001/2001176/g08.2001176.0516
2001176	1516	38852	/JOSS/DATA/RAW/SATELLITE/GOES/G08/4KM/2001/2001176/g08.2001176.1516
2001176	1816	38852	/JOSS/DATA/RAW/SATELLITE/GOES/G08/4KM/2001/2001176/g08.2001176.1816
2001176	2316	38852	/JOSS/DATA/RAW/SATELLITE/GOES/G08/4KM/2001/2001176/g08.2001176.2316
2001177	0016	38852	/JOSS/DATA/RAW/SATELLITE/GOES/G08/4KM/2001/2001177/g08.2001177.0016
2001178	0216	56931	/JOSS/DATA/RAW/SATELLITE/GOES/G08/4KM/2001/2001178/g08.2001178.0216
2001178	2216	56931	/JOSS/DATA/RAW/SATELLITE/GOES/G08/4KM/2001/2001178/g08.2001178.2216
2001179	0516	56931	/JOSS/DATA/RAW/SATELLITE/GOES/G08/4KM/2001/2001179/g08.2001179.0516
2001179	2016	56931	/JOSS/DATA/RAW/SATELLITE/GOES/G08/4KM/2001/2001179/g08.2001179.2016
2001180	0916	56931	/JOSS/DATA/RAW/SATELLITE/GOES/G08/4KM/2001/2001180/g08.2001180.0916
2001180	1716	56931	/JOSS/DATA/RAW/SATELLITE/GOES/G08/4KM/2001/2001180/g08.2001180.1716
2001180	2016	56931	/JOSS/DATA/RAW/SATELLITE/GOES/G08/4KM/2001/2001180/g08.2001180.2016
2001180	2116	56931	/JOSS/DATA/RAW/SATELLITE/GOES/G08/4KM/2001/2001180/g08.2001180.2116
2001181	1116	56931	/JOSS/DATA/RAW/SATELLITE/GOES/G08/4KM/2001/2001181/g08.2001181.1116
2001182	1216	56931	/JOSS/DATA/RAW/SATELLITE/GOES/G08/4KM/2001/2001182/g08.2001182.1216
2001182	1716	38852	/JOSS/DATA/RAW/SATELLITE/GOES/G08/4KM/2001/2001182/g08.2001182.1716
2001182	1816	38852	/JOSS/DATA/RAW/SATELLITE/GOES/G08/4KM/2001/2001182/g08.2001182.1816
2001182	2116	38852	/JOSS/DATA/RAW/SATELLITE/GOES/G08/4KM/2001/2001182/g08.2001182.2116
2001182	2216	38852	/JOSS/DATA/RAW/SATELLITE/GOES/G08/4KM/2001/2001182/g08.2001182.2216
2001183	0116	56931	/JOSS/DATA/RAW/SATELLITE/GOES/G08/4KM/2001/2001183/g08.2001183.0116
2001183	0216	56931	/JOSS/DATA/RAW/SATELLITE/GOES/G08/4KM/2001/2001183/g08.2001183.0216
2001183	1616	56931	/JOSS/DATA/RAW/SATELLITE/GOES/G08/4KM/2001/2001183/g08.2001183.1616
2001183	2016	56931	/JOSS/DATA/RAW/SATELLITE/GOES/G08/4KM/2001/2001183/g08.2001183.2016
2001184	0516	56931	/JOSS/DATA/RAW/SATELLITE/GOES/G08/4KM/2001/2001184/g08.2001184.0516
2001184	1216	56931	/JOSS/DATA/RAW/SATELLITE/GOES/G08/4KM/2001/2001184/g08.2001184.1216
2001184	1516	56931	/JOSS/DATA/RAW/SATELLITE/GOES/G08/4KM/2001/2001184/g08.2001184.1516
2001184	1616	56931	/JOSS/DATA/RAW/SATELLITE/GOES/G08/4KM/2001/2001184/g08.2001184.1616
2001184	1716	56931	/JOSS/DATA/RAW/SATELLITE/GOES/G08/4KM/2001/2001184/g08.2001184.1716
2001184	1816	56931	/JOSS/DATA/RAW/SATELLITE/GOES/G08/4KM/2001/2001184/g08.2001184.1816
2001184	1916	56931	/JOSS/DATA/RAW/SATELLITE/GOES/G08/4KM/2001/2001184/g08.2001184.1916
2001185	0116	56931	/JOSS/DATA/RAW/SATELLITE/GOES/G08/4KM/2001/2001185/g08.2001185.0116
2001185	0416	56931	/JOSS/DATA/RAW/SATELLITE/GOES/G08/4KM/2001/2001185/g08.2001185.0416
2001185	0916	56931	/JOSS/DATA/RAW/SATELLITE/GOES/G08/4KM/2001/2001185/g08.2001185.0916
2001185	1216	56931	/JOSS/DATA/RAW/SATELLITE/GOES/G08/4KM/2001/2001185/g08.2001185.1216
2001186	0216	56931	/JOSS/DATA/RAW/SATELLITE/GOES/G08/4KM/2001/2001186/g08.2001186.0216
2001186	1516	56931	/JOSS/DATA/RAW/SATELLITE/GOES/G08/4KM/2001/2001186/g08.2001186.1516
2001186	1916	56931	/JOSS/DATA/RAW/SATELLITE/GOES/G08/4KM/2001/2001186/g08.2001186.1916
2001186	2116	56931	/JOSS/DATA/RAW/SATELLITE/GOES/G08/4KM/2001/2001186/g08.2001186.2116
2001187	0016	38852	/JOSS/DATA/RAW/SATELLITE/GOES/G08/4KM/2001/2001187/g08.2001187.0016
2001187	0116	56931	/JOSS/DATA/RAW/SATELLITE/GOES/G08/4KM/2001/2001187/g08.2001187.0116
2001187	1416	56931	/JOSS/DATA/RAW/SATELLITE/GOES/G08/4KM/2001/2001187/g08.2001187.1416
2001187	1616	56931	/JOSS/DATA/RAW/SATELLITE/GOES/G08/4KM/2001/2001187/g08.2001187.1616
2001187	2216	56931	/JOSS/DATA/RAW/SATELLITE/GOES/G08/4KM/2001/2001187/g08.2001187.2216
2001188	1816	38852	/JOSS/DATA/RAW/SATELLITE/GOES/G08/4KM/2001/2001188/g08.2001188.1816
2001188	1916	38852	/JOSS/DATA/RAW/SATELLITE/GOES/G08/4KM/2001/2001188/g08.2001188.1916
2001189	1516	38852	/JOSS/DATA/RAW/SATELLITE/GOES/G08/4KM/2001/2001189/g08.2001189.1516
2001190	1916	56931	/JOSS/DATA/RAW/SATELLITE/GOES/G08/4KM/2001/2001190/g08.2001190.1916
2001191	2116	56931	/JOSS/DATA/RAW/SATELLITE/GOES/G08/4KM/2001/2001191/g08.2001191.2116
2001193	0116	56931	/JOSS/DATA/RAW/SATELLITE/GOES/G08/4KM/2001/2001193/g08.2001193.0116
2001193	1116	56931	/JOSS/DATA/RAW/SATELLITE/GOES/G08/4KM/2001/2001193/g08.2001193.1116
2001193	1616	56931	/JOSS/DATA/RAW/SATELLITE/GOES/G08/4KM/2001/2001193/g08.2001193.1616
2001194	1616	56931	/JOSS/DATA/RAW/SATELLITE/GOES/G08/4KM/2001/2001194/g08.2001194.1616
2001195	1716	56931	/JOSS/DATA/RAW/SATELLITE/GOES/G08/4KM/2001/2001195/g08.2001195.1716
2001196	0116	56931	/JOSS/DATA/RAW/SATELLITE/GOES/G08/4KM/2001/2001196/g08.2001196.0116
2001196	0616	56931	/JOSS/DATA/RAW/SATELLITE/GOES/G08/4KM/2001/2001196/g08.2001196.0616
2001197	0216	56931	/JOSS/DATA/RAW/SATELLITE/GOES/G08/4KM/2001/2001197/g08.2001197.0216
2001197	1116	56931	/JOSS/DATA/RAW/SATELLITE/GOES/G08/4KM/2001/2001197/g08.2001197.1116
2001197	1616	56931	/JOSS/DATA/RAW/SATELLITE/GOES/G08/4KM/2001/2001197/g08.2001197.1616
2001197	1716	56931	/JOSS/DATA/RAW/SATELLITE/GOES/G08/4KM/2001/2001197/g08.2001197.1716
2001199	1916	56931	/JOSS/DATA/RAW/SATELLITE/GOES/G08/4KM/2001/2001199/g08.2001199.1916
2001199	2216	56931	/JOSS/DATA/RAW/SATELLITE/GOES/G08/4KM/2001/2001199/g08.2001199.2216
2001203	0116	56931	/JOSS/DATA/RAW/SATELLITE/GOES/G08/4KM/2001/2001203/g08.2001203.0116
2001203	2216	56931	/JOSS/DATA/RAW/SATELLITE/GOES/G08/4KM/2001/2001203/g08.2001203.2216
2001204	0316	56931	/JOSS/DATA/RAW/SATELLITE/GOES/G08/4KM/2001/2001204/g08.2001204.0316
2001204	1816	56931	/JOSS/DATA/RAW/SATELLITE/GOES/G08/4KM/2001/2001204/g08.2001204.1816
2001204	1916	56931	/JOSS/DATA/RAW/SATELLITE/GOES/G08/4KM/2001/2001204/g08.2001204.1916
2001204	2316	56931	/JOSS/DATA/RAW/SATELLITE/GOES/G08/4KM/2001/2001204/g08.2001204.2316
2001205	2016	56931	/JOSS/DATA/RAW/SATELLITE/GOES/G08/4KM/2001/2001205/g08.2001205.2016
2001206	0016	38852	/JOSS/DATA/RAW/SATELLITE/GOES/G08/4KM/2001/2001206/g08.2001206.0016
2001206	0316	38852	/JOSS/DATA/RAW/SATELLITE/GOES/G08/4KM/2001/2001206/g08.2001206.0316
2001206	1016	56931	/JOSS/DATA/RAW/SATELLITE/GOES/G08/4KM/2001/2001206/g08.2001206.1016
2001206	1616	56931	/JOSS/DATA/RAW/SATELLITE/GOES/G08/4KM/2001/2001206/g08.2001206.1616
2001206	1916	56931	/JOSS/DATA/RAW/SATELLITE/GOES/G08/4KM/2001/2001206/g08.2001206.1916
2001207	0216	38852	/JOSS/DATA/RAW/SATELLITE/GOES/G08/4KM/2001/2001207/g08.2001207.0216
2001207	0816	56931	/JOSS/DATA/RAW/SATELLITE/GOES/G08/4KM/2001/2001207/g08.2001207.0816
2001207	1316	56931	/JOSS/DATA/RAW/SATELLITE/GOES/G08/4KM/2001/2001207/g08.2001207.1316
2001207	1716	56931	/JOSS/DATA/RAW/SATELLITE/GOES/G08/4KM/2001/2001207/g08.2001207.1716
2001208	0316	56931	/JOSS/DATA/RAW/SATELLITE/GOES/G08/4KM/2001/2001208/g08.2001208.0316
2001208	1016	56931	/JOSS/DATA/RAW/SATELLITE/GOES/G08/4KM/2001/2001208/g08.2001208.1016
2001208	1516	56931	/JOSS/DATA/RAW/SATELLITE/GOES/G08/4KM/2001/2001208/g08.2001208.1516
2001208	2016	56931	/JOSS/DATA/RAW/SATELLITE/GOES/G08/4KM/2001/2001208/g08.2001208.2016
2001209	0016	38852	/JOSS/DATA/RAW/SATELLITE/GOES/G08/4KM/2001/2001209/g08.2001209.0016
2001209	0516	56931	/JOSS/DATA/RAW/SATELLITE/GOES/G08/4KM/2001/2001209/g08.2001209.0516
2001209	1416	56931	/JOSS/DATA/RAW/SATELLITE/GOES/G08/4KM/2001/2001209/g08.2001209.1416
2001209	1616	56931	/JOSS/DATA/RAW/SATELLITE/GOES/G08/4KM/2001/2001209/g08.2001209.1616
2001211	0516	56931	/JOSS/DATA/RAW/SATELLITE/GOES/G08/4KM/2001/2001211/g08.2001211.0516
2001211	1116	56931	/JOSS/DATA/RAW/SATELLITE/GOES/G08/4KM/2001/2001211/g08.2001211.1116
2001211	1316	56931	/JOSS/DATA/RAW/SATELLITE/GOES/G08/4KM/2001/2001211/g08.2001211.1316
2001211	1416	56931	/JOSS/DATA/RAW/SATELLITE/GOES/G08/4KM/2001/2001211/g08.2001211.1416
2001211	1616	56931	/JOSS/DATA/RAW/SATELLITE/GOES/G08/4KM/2001/2001211/g08.2001211.1616
2001211	1816	38852	/JOSS/DATA/RAW/SATELLITE/GOES/G08/4KM/2001/2001211/g08.2001211.1816
2001212	1616	56931	/JOSS/DATA/RAW/SATELLITE/GOES/G08/4KM/2001/2001212/g08.2001212.1616
2001212	2016	56931	/JOSS/DATA/RAW/SATELLITE/GOES/G08/4KM/2001/2001212/g08.2001212.2016
2001213	0216	56931	/JOSS/DATA/RAW/SATELLITE/GOES/G08/4KM/2001/2001213/g08.2001213.0216
2001213	1916	56931	/JOSS/DATA/RAW/SATELLITE/GOES/G08/4KM/2001/2001213/g08.2001213.1916
2001213	2016	56931	/JOSS/DATA/RAW/SATELLITE/GOES/G08/4KM/2001/2001213/g08.2001213.2016
2001213	2216	38852	/JOSS/DATA/RAW/SATELLITE/GOES/G08/4KM/2001/2001213/g08.2001213.2216
2001214	0016	38852	/JOSS/DATA/RAW/SATELLITE/GOES/G08/4KM/2001/2001214/g08.2001214.0016
2001214	1816	38852	/JOSS/DATA/RAW/SATELLITE/GOES/G08/4KM/2001/2001214/g08.2001214.1816
2001214	2316	38852	/JOSS/DATA/RAW/SATELLITE/GOES/G08/4KM/2001/2001214/g08.2001214.2316
2001215	0416	56931	/JOSS/DATA/RAW/SATELLITE/GOES/G08/4KM/2001/2001215/g08.2001215.0416
2001215	1516	56931	/JOSS/DATA/RAW/SATELLITE/GOES/G08/4KM/2001/2001215/g08.2001215.1516
2001216	0216	56931	/JOSS/DATA/RAW/SATELLITE/GOES/G08/4KM/2001/2001216/g08.2001216.0216
2001216	0516	56931	/JOSS/DATA/RAW/SATELLITE/GOES/G08/4KM/2001/2001216/g08.2001216.0516
2001216	0716	56931	/JOSS/DATA/RAW/SATELLITE/GOES/G08/4KM/2001/2001216/g08.2001216.0716
2001216	1116	56931	/JOSS/DATA/RAW/SATELLITE/GOES/G08/4KM/2001/2001216/g08.2001216.1116
2001216	1616	56931	/JOSS/DATA/RAW/SATELLITE/GOES/G08/4KM/2001/2001216/g08.2001216.1616
2001216	1716	56931	/JOSS/DATA/RAW/SATELLITE/GOES/G08/4KM/2001/2001216/g08.2001216.1716
2001217	0116	56931	/JOSS/DATA/RAW/SATELLITE/GOES/G08/4KM/2001/2001217/g08.2001217.0116
2001220	0016	38852	/JOSS/DATA/RAW/SATELLITE/GOES/G08/4KM/2001/2001220/g08.2001220.0016
2001220	0116	56931	/JOSS/DATA/RAW/SATELLITE/GOES/G08/4KM/2001/2001220/g08.2001220.0116
2001221	0016	38852	/JOSS/DATA/RAW/SATELLITE/GOES/G08/4KM/2001/2001221/g08.2001221.0016
2001221	0716	56931	/JOSS/DATA/RAW/SATELLITE/GOES/G08/4KM/2001/2001221/g08.2001221.0716
2001221	2316	38852	/JOSS/DATA/RAW/SATELLITE/GOES/G08/4KM/2001/2001221/g08.2001221.2316
2001222	0516	56931	/JOSS/DATA/RAW/SATELLITE/GOES/G08/4KM/2001/2001222/g08.2001222.0516
2001222	1016	56931	/JOSS/DATA/RAW/SATELLITE/GOES/G08/4KM/2001/2001222/g08.2001222.1016
2001223	0716	56931	/JOSS/DATA/RAW/SATELLITE/GOES/G08/4KM/2001/2001223/g08.2001223.0716
2001223	1616	56931	/JOSS/DATA/RAW/SATELLITE/GOES/G08/4KM/2001/2001223/g08.2001223.1616
2001223	1916	56931	/JOSS/DATA/RAW/SATELLITE/GOES/G08/4KM/2001/2001223/g08.2001223.1916
2001224	1616	56931	/JOSS/DATA/RAW/SATELLITE/GOES/G08/4KM/2001/2001224/g08.2001224.1616
2001225	0216	56931	/JOSS/DATA/RAW/SATELLITE/GOES/G08/4KM/2001/2001225/g08.2001225.0216
2001225	0516	56931	/JOSS/DATA/RAW/SATELLITE/GOES/G08/4KM/2001/2001225/g08.2001225.0516
2001225	1316	56931	/JOSS/DATA/RAW/SATELLITE/GOES/G08/4KM/2001/2001225/g08.2001225.1316
2001225	1616	56931	/JOSS/DATA/RAW/SATELLITE/GOES/G08/4KM/2001/2001225/g08.2001225.1616
2001226	0316	56931	/JOSS/DATA/RAW/SATELLITE/GOES/G08/4KM/2001/2001226/g08.2001226.0316
2001227	1016	56931	/JOSS/DATA/RAW/SATELLITE/GOES/G08/4KM/2001/2001227/g08.2001227.1016
2001227	2116	38852	/JOSS/DATA/RAW/SATELLITE/GOES/G08/4KM/2001/2001227/g08.2001227.2116
2001228	0116	56931	/JOSS/DATA/RAW/SATELLITE/GOES/G08/4KM/2001/2001228/g08.2001228.0116
2001228	0716	56931	/JOSS/DATA/RAW/SATELLITE/GOES/G08/4KM/2001/2001228/g08.2001228.0716
2001228	0816	56931	/JOSS/DATA/RAW/SATELLITE/GOES/G08/4KM/2001/2001228/g08.2001228.0816
2001229	0016	38852	/JOSS/DATA/RAW/SATELLITE/GOES/G08/4KM/2001/2001229/g08.2001229.0016
2001229	0216	56931	/JOSS/DATA/RAW/SATELLITE/GOES/G08/4KM/2001/2001229/g08.2001229.0216
2001229	1716	56931	/JOSS/DATA/RAW/SATELLITE/GOES/G08/4KM/2001/2001229/g08.2001229.1716
2001230	0616	56931	/JOSS/DATA/RAW/SATELLITE/GOES/G08/4KM/2001/2001230/g08.2001230.0616
2001230	1116	56931	/JOSS/DATA/RAW/SATELLITE/GOES/G08/4KM/2001/2001230/g08.2001230.1116
2001230	2216	38852	/JOSS/DATA/RAW/SATELLITE/GOES/G08/4KM/2001/2001230/g08.2001230.2216
2001231	0016	38852	/JOSS/DATA/RAW/SATELLITE/GOES/G08/4KM/2001/2001231/g08.2001231.0016
2001231	0416	56931	/JOSS/DATA/RAW/SATELLITE/GOES/G08/4KM/2001/2001231/g08.2001231.0416
2001231	1616	56931	/JOSS/DATA/RAW/SATELLITE/GOES/G08/4KM/2001/2001231/g08.2001231.1616
2001231	1816	56931	/JOSS/DATA/RAW/SATELLITE/GOES/G08/4KM/2001/2001231/g08.2001231.1816
2001232	0116	56931	/JOSS/DATA/RAW/SATELLITE/GOES/G08/4KM/2001/2001232/g08.2001232.0116
2001232	0216	56931	/JOSS/DATA/RAW/SATELLITE/GOES/G08/4KM/2001/2001232/g08.2001232.0216
2001232	0916	127148	/JOSS/DATA/RAW/SATELLITE/GOES/G08/4KM/2001/2001232/g08.2001232.0916
2001232	1316	56931	/JOSS/DATA/RAW/SATELLITE/GOES/G08/4KM/2001/2001232/g08.2001232.1316
2001232	1816	56931	/JOSS/DATA/RAW/SATELLITE/GOES/G08/4KM/2001/2001232/g08.2001232.1816
2001232	2016	56931	/JOSS/DATA/RAW/SATELLITE/GOES/G08/4KM/2001/2001232/g08.2001232.2016
2001233	0116	56931	/JOSS/DATA/RAW/SATELLITE/GOES/G08/4KM/2001/2001233/g08.2001233.0116
2001233	1516	56931	/JOSS/DATA/RAW/SATELLITE/GOES/G08/4KM/2001/2001233/g08.2001233.1516
2001233	1616	56931	/JOSS/DATA/RAW/SATELLITE/GOES/G08/4KM/2001/2001233/g08.2001233.1616
2001234	0016	38852	/JOSS/DATA/RAW/SATELLITE/GOES/G08/4KM/2001/2001234/g08.2001234.0016
2001234	0416	56931	/JOSS/DATA/RAW/SATELLITE/GOES/G08/4KM/2001/2001234/g08.2001234.0416
2001234	1116	56931	/JOSS/DATA/RAW/SATELLITE/GOES/G08/4KM/2001/2001234/g08.2001234.1116
2001234	2116	56931	/JOSS/DATA/RAW/SATELLITE/GOES/G08/4KM/2001/2001234/g08.2001234.2116
2001234	2316	56931	/JOSS/DATA/RAW/SATELLITE/GOES/G08/4KM/2001/2001234/g08.2001234.2316
2001235	1216	56931	/JOSS/DATA/RAW/SATELLITE/GOES/G08/4KM/2001/2001235/g08.2001235.1216
2001235	1816	56931	/JOSS/DATA/RAW/SATELLITE/GOES/G08/4KM/2001/2001235/g08.2001235.1816
2001235	2316	56931	/JOSS/DATA/RAW/SATELLITE/GOES/G08/4KM/2001/2001235/g08.2001235.2316
2001237	0116	56931	/JOSS/DATA/RAW/SATELLITE/GOES/G08/4KM/2001/2001237/g08.2001237.0116
2001237	0616	56931	/JOSS/DATA/RAW/SATELLITE/GOES/G08/4KM/2001/2001237/g08.2001237.0616
2001237	1916	56931	/JOSS/DATA/RAW/SATELLITE/GOES/G08/4KM/2001/2001237/g08.2001237.1916
2001238	0016	38852	/JOSS/DATA/RAW/SATELLITE/GOES/G08/4KM/2001/2001238/g08.2001238.0016
2001238	1516	56931	/JOSS/DATA/RAW/SATELLITE/GOES/G08/4KM/2001/2001238/g08.2001238.1516
2001238	2116	56931	/JOSS/DATA/RAW/SATELLITE/GOES/G08/4KM/2001/2001238/g08.2001238.2116
2001239	0216	56931	/JOSS/DATA/RAW/SATELLITE/GOES/G08/4KM/2001/2001239/g08.2001239.0216
2001239	0316	56931	/JOSS/DATA/RAW/SATELLITE/GOES/G08/4KM/2001/2001239/g08.2001239.0316
2001239	2216	56931	/JOSS/DATA/RAW/SATELLITE/GOES/G08/4KM/2001/2001239/g08.2001239.2216
2001240	0116	56931	/JOSS/DATA/RAW/SATELLITE/GOES/G08/4KM/2001/2001240/g08.2001240.0116
2001240	0216	56931	/JOSS/DATA/RAW/SATELLITE/GOES/G08/4KM/2001/2001240/g08.2001240.0216
2001240	1616	56931	/JOSS/DATA/RAW/SATELLITE/GOES/G08/4KM/2001/2001240/g08.2001240.1616
2001240	1816	38852	/JOSS/DATA/RAW/SATELLITE/GOES/G08/4KM/2001/2001240/g08.2001240.1816
2001241	0416	56931	/JOSS/DATA/RAW/SATELLITE/GOES/G08/4KM/2001/2001241/g08.2001241.0416
2001241	1816	56931	/JOSS/DATA/RAW/SATELLITE/GOES/G08/4KM/2001/2001241/g08.2001241.1816
2001241	2216	38852	/JOSS/DATA/RAW/SATELLITE/GOES/G08/4KM/2001/2001241/g08.2001241.2216
2001243	0316	56931	/JOSS/DATA/RAW/SATELLITE/GOES/G08/4KM/2001/2001243/g08.2001243.0316
2001244	2316	56931	/JOSS/DATA/RAW/SATELLITE/GOES/G08/4KM/2001/2001244/g08.2001244.2316
2001245	0316	56931	/JOSS/DATA/RAW/SATELLITE/GOES/G08/4KM/2001/2001245/g08.2001245.0316
2001245	0716	56931	/JOSS/DATA/RAW/SATELLITE/GOES/G08/4KM/2001/2001245/g08.2001245.0716
2001245	1916	56931	/JOSS/DATA/RAW/SATELLITE/GOES/G08/4KM/2001/2001245/g08.2001245.1916
2001245	2016	56931	/JOSS/DATA/RAW/SATELLITE/GOES/G08/4KM/2001/2001245/g08.2001245.2016
2001246	0916	127148	/JOSS/DATA/RAW/SATELLITE/GOES/G08/4KM/2001/2001246/g08.2001246.0916
2001246	2316	56931	/JOSS/DATA/RAW/SATELLITE/GOES/G08/4KM/2001/2001246/g08.2001246.2316
2001247	0016	38852	/JOSS/DATA/RAW/SATELLITE/GOES/G08/4KM/2001/2001247/g08.2001247.0016
2001247	2016	56931	/JOSS/DATA/RAW/SATELLITE/GOES/G08/4KM/2001/2001247/g08.2001247.2016
2001247	2116	56931	/JOSS/DATA/RAW/SATELLITE/GOES/G08/4KM/2001/2001247/g08.2001247.2116
2001247	2316	56931	/JOSS/DATA/RAW/SATELLITE/GOES/G08/4KM/2001/2001247/g08.2001247.2316
2001248	0816	127148	/JOSS/DATA/RAW/SATELLITE/GOES/G08/4KM/2001/2001248/g08.2001248.0816
2001249	0116	56931	/JOSS/DATA/RAW/SATELLITE/GOES/G08/4KM/2001/2001249/g08.2001249.0116
2001249	1716	56931	/JOSS/DATA/RAW/SATELLITE/GOES/G08/4KM/2001/2001249/g08.2001249.1716
2001250	0116	38852	/JOSS/DATA/RAW/SATELLITE/GOES/G08/4KM/2001/2001250/g08.2001250.0116
2001250	1716	56931	/JOSS/DATA/RAW/SATELLITE/GOES/G08/4KM/2001/2001250/g08.2001250.1716
2001251	1816	56931	/JOSS/DATA/RAW/SATELLITE/GOES/G08/4KM/2001/2001251/g08.2001251.1816
2001252	1916	56931	/JOSS/DATA/RAW/SATELLITE/GOES/G08/4KM/2001/2001252/g08.2001252.1916
2001253	1816	56931	/JOSS/DATA/RAW/SATELLITE/GOES/G08/4KM/2001/2001253/g08.2001253.1816
2001253	2016	56931	/JOSS/DATA/RAW/SATELLITE/GOES/G08/4KM/2001/2001253/g08.2001253.2016
2001253	2316	56931	/JOSS/DATA/RAW/SATELLITE/GOES/G08/4KM/2001/2001253/g08.2001253.2316
2001254	0116	56931	/JOSS/DATA/RAW/SATELLITE/GOES/G08/4KM/2001/2001254/g08.2001254.0116
2001254	1316	56931	/JOSS/DATA/RAW/SATELLITE/GOES/G08/4KM/2001/2001254/g08.2001254.1316
2001254	2016	56931	/JOSS/DATA/RAW/SATELLITE/GOES/G08/4KM/2001/2001254/g08.2001254.2016
2001255	1816	56931	/JOSS/DATA/RAW/SATELLITE/GOES/G08/4KM/2001/2001255/g08.2001255.1816
2001255	2216	56931	/JOSS/DATA/RAW/SATELLITE/GOES/G08/4KM/2001/2001255/g08.2001255.2216
2001256	0216	56931	/JOSS/DATA/RAW/SATELLITE/GOES/G08/4KM/2001/2001256/g08.2001256.0216
2001256	1216	56931	/JOSS/DATA/RAW/SATELLITE/GOES/G08/4KM/2001/2001256/g08.2001256.1216
2001256	1816	56931	/JOSS/DATA/RAW/SATELLITE/GOES/G08/4KM/2001/2001256/g08.2001256.1816
2001256	2016	56931	/JOSS/DATA/RAW/SATELLITE/GOES/G08/4KM/2001/2001256/g08.2001256.2016
2001256	2216	56931	/JOSS/DATA/RAW/SATELLITE/GOES/G08/4KM/2001/2001256/g08.2001256.2216
2001257	2216	56931	/JOSS/DATA/RAW/SATELLITE/GOES/G08/4KM/2001/2001257/g08.2001257.2216
2001258	2216	56931	/JOSS/DATA/RAW/SATELLITE/GOES/G08/4KM/2001/2001258/g08.2001258.2216
2001259	1216	56931	/JOSS/DATA/RAW/SATELLITE/GOES/G08/4KM/2001/2001259/g08.2001259.1216
2001259	2216	56931	/JOSS/DATA/RAW/SATELLITE/GOES/G08/4KM/2001/2001259/g08.2001259.2216
2001260	0116	56931	/JOSS/DATA/RAW/SATELLITE/GOES/G08/4KM/2001/2001260/g08.2001260.0116
2001261	0016	38852	/JOSS/DATA/RAW/SATELLITE/GOES/G08/4KM/2001/2001261/g08.2001261.0016
2001262	0716	56931	/JOSS/DATA/RAW/SATELLITE/GOES/G08/4KM/2001/2001262/g08.2001262.0716
2001262	2116	56931	/JOSS/DATA/RAW/SATELLITE/GOES/G08/4KM/2001/2001262/g08.2001262.2116
2001264	1916	56931	/JOSS/DATA/RAW/SATELLITE/GOES/G08/4KM/2001/2001264/g08.2001264.1916
2001265	0716	56931	/JOSS/DATA/RAW/SATELLITE/GOES/G08/4KM/2001/2001265/g08.2001265.0716
2001265	1916	56931	/JOSS/DATA/RAW/SATELLITE/GOES/G08/4KM/2001/2001265/g08.2001265.1916
2001265	2016	56931	/JOSS/DATA/RAW/SATELLITE/GOES/G08/4KM/2001/2001265/g08.2001265.2016
2001266	1516	56931	/JOSS/DATA/RAW/SATELLITE/GOES/G08/4KM/2001/2001266/g08.2001266.1516
2001266	1616	56931	/JOSS/DATA/RAW/SATELLITE/GOES/G08/4KM/2001/2001266/g08.2001266.1616
2001266	2216	56931	/JOSS/DATA/RAW/SATELLITE/GOES/G08/4KM/2001/2001266/g08.2001266.2216
2001267	0116	56931	/JOSS/DATA/RAW/SATELLITE/GOES/G08/4KM/2001/2001267/g08.2001267.0116
2001268	2116	56931	/JOSS/DATA/RAW/SATELLITE/GOES/G08/4KM/2001/2001268/g08.2001268.2116
2001270	0016	38852	/JOSS/DATA/RAW/SATELLITE/GOES/G08/4KM/2001/2001270/g08.2001270.0016
2001270	1616	56931	/JOSS/DATA/RAW/SATELLITE/GOES/G08/4KM/2001/2001270/g08.2001270.1616
2001270	1916	56931	/JOSS/DATA/RAW/SATELLITE/GOES/G08/4KM/2001/2001270/g08.2001270.1916
2001271	0216	56931	/JOSS/DATA/RAW/SATELLITE/GOES/G08/4KM/2001/2001271/g08.2001271.0216
2001271	1916	56931	/JOSS/DATA/RAW/SATELLITE/GOES/G08/4KM/2001/2001271/g08.2001271.1916
2001271	2016	56931	/JOSS/DATA/RAW/SATELLITE/GOES/G08/4KM/2001/2001271/g08.2001271.2016
2001272	2216	56931	/JOSS/DATA/RAW/SATELLITE/GOES/G08/4KM/2001/2001272/g08.2001272.2216
2001272	2316	56931	/JOSS/DATA/RAW/SATELLITE/GOES/G08/4KM/2001/2001272/g08.2001272.2316
2001273	2116	56931	/JOSS/DATA/RAW/SATELLITE/GOES/G08/4KM/2001/2001273/g08.2001273.2116
2001274	0716	56931	/JOSS/DATA/RAW/SATELLITE/GOES/G08/4KM/2001/2001274/g08.2001274.0716
2001274	0816	127148	/JOSS/DATA/RAW/SATELLITE/GOES/G08/4KM/2001/2001274/g08.2001274.0816
2001274	2016	56931	/JOSS/DATA/RAW/SATELLITE/GOES/G08/4KM/2001/2001274/g08.2001274.2016
2001276	2216	56931	/JOSS/DATA/RAW/SATELLITE/GOES/G08/4KM/2001/2001276/g08.2001276.2216
2001277	1716	56931	/JOSS/DATA/RAW/SATELLITE/GOES/G08/4KM/2001/2001277/g08.2001277.1716
2001279	1716	56931	/JOSS/DATA/RAW/SATELLITE/GOES/G08/4KM/2001/2001279/g08.2001279.1716
2001280	0016	38852	/JOSS/DATA/RAW/SATELLITE/GOES/G08/4KM/2001/2001280/g08.2001280.0016
2001281	1616	38852	/JOSS/DATA/RAW/SATELLITE/GOES/G08/4KM/2001/2001281/g08.2001281.1616
2001282	1616	38852	/JOSS/DATA/RAW/SATELLITE/GOES/G08/4KM/2001/2001282/g08.2001282.1616
2001282	1716	38852	/JOSS/DATA/RAW/SATELLITE/GOES/G08/4KM/2001/2001282/g08.2001282.1716
2001282	2216	38852	/JOSS/DATA/RAW/SATELLITE/GOES/G08/4KM/2001/2001282/g08.2001282.2216
2001283	1616	56931	/JOSS/DATA/RAW/SATELLITE/GOES/G08/4KM/2001/2001283/g08.2001283.1616
2001283	2316	38852	/JOSS/DATA/RAW/SATELLITE/GOES/G08/4KM/2001/2001283/g08.2001283.2316
2001284	0016	38852	/JOSS/DATA/RAW/SATELLITE/GOES/G08/4KM/2001/2001284/g08.2001284.0016
2001284	2016	56931	/JOSS/DATA/RAW/SATELLITE/GOES/G08/4KM/2001/2001284/g08.2001284.2016
2001284	2116	56931	/JOSS/DATA/RAW/SATELLITE/GOES/G08/4KM/2001/2001284/g08.2001284.2116
2001285	1616	56931	/JOSS/DATA/RAW/SATELLITE/GOES/G08/4KM/2001/2001285/g08.2001285.1616
2001285	2216	38852	/JOSS/DATA/RAW/SATELLITE/GOES/G08/4KM/2001/2001285/g08.2001285.2216
2001286	1016	56931	/JOSS/DATA/RAW/SATELLITE/GOES/G08/4KM/2001/2001286/g08.2001286.1016
2001286	2116	38852	/JOSS/DATA/RAW/SATELLITE/GOES/G08/4KM/2001/2001286/g08.2001286.2116
2001287	0216	56931	/JOSS/DATA/RAW/SATELLITE/GOES/G08/4KM/2001/2001287/g08.2001287.0216
2001287	1916	56931	/JOSS/DATA/RAW/SATELLITE/GOES/G08/4KM/2001/2001287/g08.2001287.1916
2001287	2216	56931	/JOSS/DATA/RAW/SATELLITE/GOES/G08/4KM/2001/2001287/g08.2001287.2216
2001288	1616	56931	/JOSS/DATA/RAW/SATELLITE/GOES/G08/4KM/2001/2001288/g08.2001288.1616
2001288	2316	56931	/JOSS/DATA/RAW/SATELLITE/GOES/G08/4KM/2001/2001288/g08.2001288.2316
2001289	0216	56931	/JOSS/DATA/RAW/SATELLITE/GOES/G08/4KM/2001/2001289/g08.2001289.0216
2001289	1716	56931	/JOSS/DATA/RAW/SATELLITE/GOES/G08/4KM/2001/2001289/g08.2001289.1716
2001289	2016	56931	/JOSS/DATA/RAW/SATELLITE/GOES/G08/4KM/2001/2001289/g08.2001289.2016
2001289	2116	56931	/JOSS/DATA/RAW/SATELLITE/GOES/G08/4KM/2001/2001289/g08.2001289.2116
2001290	0116	56931	/JOSS/DATA/RAW/SATELLITE/GOES/G08/4KM/2001/2001290/g08.2001290.0116
2001290	1216	56931	/JOSS/DATA/RAW/SATELLITE/GOES/G08/4KM/2001/2001290/g08.2001290.1216
2001290	1916	56931	/JOSS/DATA/RAW/SATELLITE/GOES/G08/4KM/2001/2001290/g08.2001290.1916
2001291	0116	56931	/JOSS/DATA/RAW/SATELLITE/GOES/G08/4KM/2001/2001291/g08.2001291.0116
2001291	1216	56931	/JOSS/DATA/RAW/SATELLITE/GOES/G08/4KM/2001/2001291/g08.2001291.1216
2001291	1916	56931	/JOSS/DATA/RAW/SATELLITE/GOES/G08/4KM/2001/2001291/g08.2001291.1916
2001291	2116	56931	/JOSS/DATA/RAW/SATELLITE/GOES/G08/4KM/2001/2001291/g08.2001291.2116
2001292	1316	56931	/JOSS/DATA/RAW/SATELLITE/GOES/G08/4KM/2001/2001292/g08.2001292.1316
2001292	1616	56931	/JOSS/DATA/RAW/SATELLITE/GOES/G08/4KM/2001/2001292/g08.2001292.1616
2001292	2116	56931	/JOSS/DATA/RAW/SATELLITE/GOES/G08/4KM/2001/2001292/g08.2001292.2116
2001293	1716	56931	/JOSS/DATA/RAW/SATELLITE/GOES/G08/4KM/2001/2001293/g08.2001293.1716
2001293	2216	56931	/JOSS/DATA/RAW/SATELLITE/GOES/G08/4KM/2001/2001293/g08.2001293.2216
2001294	0316	56931	/JOSS/DATA/RAW/SATELLITE/GOES/G08/4KM/2001/2001294/g08.2001294.0316
2001295	2216	56931	/JOSS/DATA/RAW/SATELLITE/GOES/G08/4KM/2001/2001295/g08.2001295.2216
2001295	2316	56931	/JOSS/DATA/RAW/SATELLITE/GOES/G08/4KM/2001/2001295/g08.2001295.2316
2001296	1116	56931	/JOSS/DATA/RAW/SATELLITE/GOES/G08/4KM/2001/2001296/g08.2001296.1116
2001296	1516	56931	/JOSS/DATA/RAW/SATELLITE/GOES/G08/4KM/2001/2001296/g08.2001296.1516
2001340	2016	56931	/JOSS/DATA/RAW/SATELLITE/GOES/G08/4KM/2001/2001340/g08.2001340.2016
2001347	1816	56931	/JOSS/DATA/RAW/SATELLITE/GOES/G08/4KM/2001/2001347/g08.2001347.1816
2001355	0016	38852	/JOSS/DATA/RAW/SATELLITE/GOES/G08/4KM/2001/2001355/g08.2001355.0016
2001356	1816	56931	/JOSS/DATA/RAW/SATELLITE/GOES/G08/4KM/2001/2001356/g08.2001356.1816
2001358	1916	38852	/JOSS/DATA/RAW/SATELLITE/GOES/G08/4KM/2001/2001358/g08.2001358.1916
2001360	2016	38852	/JOSS/DATA/RAW/SATELLITE/GOES/G08/4KM/2001/2001360/g08.2001360.2016
2001361	0716	56931	/JOSS/DATA/RAW/SATELLITE/GOES/G08/4KM/2001/2001361/g08.2001361.0716
2001363	0716	56931	/JOSS/DATA/RAW/SATELLITE/GOES/G08/4KM/2001/2001363/g08.2001363.0716
2002005	2216	56931	/JOSS/DATA/RAW/SATELLITE/GOES/G08/4KM/2002/2002005/g08.2002005.2216
2002006	2016	56931	/JOSS/DATA/RAW/SATELLITE/GOES/G08/4KM/2002/2002006/g08.2002006.2016
2002009	0616	56931	/JOSS/DATA/RAW/SATELLITE/GOES/G08/4KM/2002/2002009/g08.2002009.0616
2002010	2016	56931	/JOSS/DATA/RAW/SATELLITE/GOES/G08/4KM/2002/2002010/g08.2002010.2016
2002014	0416	56931	/JOSS/DATA/RAW/SATELLITE/GOES/G08/4KM/2002/2002014/g08.2002014.0416
2002024	2116	56931	/JOSS/DATA/RAW/SATELLITE/GOES/G08/4KM/2002/2002024/g08.2002024.2116
2002025	1616	56931	/JOSS/DATA/RAW/SATELLITE/GOES/G08/4KM/2002/2002025/g08.2002025.1616
2002025	2116	56931	/JOSS/DATA/RAW/SATELLITE/GOES/G08/4KM/2002/2002025/g08.2002025.2116
2002026	0116	56931	/JOSS/DATA/RAW/SATELLITE/GOES/G08/4KM/2002/2002026/g08.2002026.0116
2002026	1516	56931	/JOSS/DATA/RAW/SATELLITE/GOES/G08/4KM/2002/2002026/g08.2002026.1516
2002027	2016	56931	/JOSS/DATA/RAW/SATELLITE/GOES/G08/4KM/2002/2002027/g08.2002027.2016
2002028	0816	56931	/JOSS/DATA/RAW/SATELLITE/GOES/G08/4KM/2002/2002028/g08.2002028.0816
2002028	2016	38852	/JOSS/DATA/RAW/SATELLITE/GOES/G08/4KM/2002/2002028/g08.2002028.2016
2002029	1116	38852	/JOSS/DATA/RAW/SATELLITE/GOES/G08/4KM/2002/2002029/g08.2002029.1116
2002031	1016	38852	/JOSS/DATA/RAW/SATELLITE/GOES/G08/4KM/2002/2002031/g08.2002031.1016
2002031	1416	56931	/JOSS/DATA/RAW/SATELLITE/GOES/G08/4KM/2002/2002031/g08.2002031.1416
2002032	1916	38852	/JOSS/DATA/RAW/SATELLITE/GOES/G08/4KM/2002/2002032/g08.2002032.1916
2002033	2316	56931	/JOSS/DATA/RAW/SATELLITE/GOES/G08/4KM/2002/2002033/g08.2002033.2316
2002036	0516	56931	/JOSS/DATA/RAW/SATELLITE/GOES/G08/4KM/2002/2002036/g08.2002036.0516
2002036	1216	56931	/JOSS/DATA/RAW/SATELLITE/GOES/G08/4KM/2002/2002036/g08.2002036.1216
2002036	2216	56931	/JOSS/DATA/RAW/SATELLITE/GOES/G08/4KM/2002/2002036/g08.2002036.2216
2002037	0416	56931	/JOSS/DATA/RAW/SATELLITE/GOES/G08/4KM/2002/2002037/g08.2002037.0416
2002037	0616	56931	/JOSS/DATA/RAW/SATELLITE/GOES/G08/4KM/2002/2002037/g08.2002037.0616
2002037	1716	56931	/JOSS/DATA/RAW/SATELLITE/GOES/G08/4KM/2002/2002037/g08.2002037.1716
2002037	1816	56931	/JOSS/DATA/RAW/SATELLITE/GOES/G08/4KM/2002/2002037/g08.2002037.1816
2002038	0416	56931	/JOSS/DATA/RAW/SATELLITE/GOES/G08/4KM/2002/2002038/g08.2002038.0416
2002038	1816	56931	/JOSS/DATA/RAW/SATELLITE/GOES/G08/4KM/2002/2002038/g08.2002038.1816
2002039	0016	38852	/JOSS/DATA/RAW/SATELLITE/GOES/G08/4KM/2002/2002039/g08.2002039.0016
2002039	0116	56931	/JOSS/DATA/RAW/SATELLITE/GOES/G08/4KM/2002/2002039/g08.2002039.0116
2002039	0616	56931	/JOSS/DATA/RAW/SATELLITE/GOES/G08/4KM/2002/2002039/g08.2002039.0616
2002039	0916	38852	/JOSS/DATA/RAW/SATELLITE/GOES/G08/4KM/2002/2002039/g08.2002039.0916
2002040	2116	38852	/JOSS/DATA/RAW/SATELLITE/GOES/G08/4KM/2002/2002040/g08.2002040.2116
2002041	0116	56931	/JOSS/DATA/RAW/SATELLITE/GOES/G08/4KM/2002/2002041/g08.2002041.0116
2002041	2216	56931	/JOSS/DATA/RAW/SATELLITE/GOES/G08/4KM/2002/2002041/g08.2002041.2216
2002042	1716	56931	/JOSS/DATA/RAW/SATELLITE/GOES/G08/4KM/2002/2002042/g08.2002042.1716
2002042	2116	38852	/JOSS/DATA/RAW/SATELLITE/GOES/G08/4KM/2002/2002042/g08.2002042.2116
2002045	0916	38852	/JOSS/DATA/RAW/SATELLITE/GOES/G08/4KM/2002/2002045/g08.2002045.0916
2002046	1816	56931	/JOSS/DATA/RAW/SATELLITE/GOES/G08/4KM/2002/2002046/g08.2002046.1816
2002046	2116	38852	/JOSS/DATA/RAW/SATELLITE/GOES/G08/4KM/2002/2002046/g08.2002046.2116
2002047	0116	56931	/JOSS/DATA/RAW/SATELLITE/GOES/G08/4KM/2002/2002047/g08.2002047.0116
2002047	0216	56931	/JOSS/DATA/RAW/SATELLITE/GOES/G08/4KM/2002/2002047/g08.2002047.0216
2002047	0316	56931	/JOSS/DATA/RAW/SATELLITE/GOES/G08/4KM/2002/2002047/g08.2002047.0316
2002047	0916	38852	/JOSS/DATA/RAW/SATELLITE/GOES/G08/4KM/2002/2002047/g08.2002047.0916
2002047	1116	38852	/JOSS/DATA/RAW/SATELLITE/GOES/G08/4KM/2002/2002047/g08.2002047.1116
2002047	1216	56931	/JOSS/DATA/RAW/SATELLITE/GOES/G08/4KM/2002/2002047/g08.2002047.1216
2002047	1316	56931	/JOSS/DATA/RAW/SATELLITE/GOES/G08/4KM/2002/2002047/g08.2002047.1316
2002047	2016	38852	/JOSS/DATA/RAW/SATELLITE/GOES/G08/4KM/2002/2002047/g08.2002047.2016
2002047	2216	56931	/JOSS/DATA/RAW/SATELLITE/GOES/G08/4KM/2002/2002047/g08.2002047.2216
2002048	0016	38852	/JOSS/DATA/RAW/SATELLITE/GOES/G08/4KM/2002/2002048/g08.2002048.0016
2002048	0316	56931	/JOSS/DATA/RAW/SATELLITE/GOES/G08/4KM/2002/2002048/g08.2002048.0316
2002048	0416	56931	/JOSS/DATA/RAW/SATELLITE/GOES/G08/4KM/2002/2002048/g08.2002048.0416
2002048	0516	56931	/JOSS/DATA/RAW/SATELLITE/GOES/G08/4KM/2002/2002048/g08.2002048.0516
2002048	1416	56931	/JOSS/DATA/RAW/SATELLITE/GOES/G08/4KM/2002/2002048/g08.2002048.1416
2002048	1616	56931	/JOSS/DATA/RAW/SATELLITE/GOES/G08/4KM/2002/2002048/g08.2002048.1616
2002048	2216	56931	/JOSS/DATA/RAW/SATELLITE/GOES/G08/4KM/2002/2002048/g08.2002048.2216
2002049	0416	38852	/JOSS/DATA/RAW/SATELLITE/GOES/G08/4KM/2002/2002049/g08.2002049.0416
2002049	0516	38852	/JOSS/DATA/RAW/SATELLITE/GOES/G08/4KM/2002/2002049/g08.2002049.0516
2002049	0616	38852	/JOSS/DATA/RAW/SATELLITE/GOES/G08/4KM/2002/2002049/g08.2002049.0616
2002049	0816	56931	/JOSS/DATA/RAW/SATELLITE/GOES/G08/4KM/2002/2002049/g08.2002049.0816
2002049	1016	38852	/JOSS/DATA/RAW/SATELLITE/GOES/G08/4KM/2002/2002049/g08.2002049.1016
2002049	1316	56931	/JOSS/DATA/RAW/SATELLITE/GOES/G08/4KM/2002/2002049/g08.2002049.1316
2002049	1416	56931	/JOSS/DATA/RAW/SATELLITE/GOES/G08/4KM/2002/2002049/g08.2002049.1416
2002049	1516	56931	/JOSS/DATA/RAW/SATELLITE/GOES/G08/4KM/2002/2002049/g08.2002049.1516
2002049	1616	56931	/JOSS/DATA/RAW/SATELLITE/GOES/G08/4KM/2002/2002049/g08.2002049.1616
2002049	1716	56931	/JOSS/DATA/RAW/SATELLITE/GOES/G08/4KM/2002/2002049/g08.2002049.1716
2002049	1816	56931	/JOSS/DATA/RAW/SATELLITE/GOES/G08/4KM/2002/2002049/g08.2002049.1816
2002050	0116	56931	/JOSS/DATA/RAW/SATELLITE/GOES/G08/4KM/2002/2002050/g08.2002050.0116
2002050	0416	56931	/JOSS/DATA/RAW/SATELLITE/GOES/G08/4KM/2002/2002050/g08.2002050.0416
2002050	0616	56931	/JOSS/DATA/RAW/SATELLITE/GOES/G08/4KM/2002/2002050/g08.2002050.0616
2002050	1416	56931	/JOSS/DATA/RAW/SATELLITE/GOES/G08/4KM/2002/2002050/g08.2002050.1416
2002050	1516	56931	/JOSS/DATA/RAW/SATELLITE/GOES/G08/4KM/2002/2002050/g08.2002050.1516
2002050	1616	38852	/JOSS/DATA/RAW/SATELLITE/GOES/G08/4KM/2002/2002050/g08.2002050.1616
2002050	1716	38852	/JOSS/DATA/RAW/SATELLITE/GOES/G08/4KM/2002/2002050/g08.2002050.1716
2002050	2216	38852	/JOSS/DATA/RAW/SATELLITE/GOES/G08/4KM/2002/2002050/g08.2002050.2216
2002051	0116	56931	/JOSS/DATA/RAW/SATELLITE/GOES/G08/4KM/2002/2002051/g08.2002051.0116
2002051	0216	56931	/JOSS/DATA/RAW/SATELLITE/GOES/G08/4KM/2002/2002051/g08.2002051.0216
2002051	0316	56931	/JOSS/DATA/RAW/SATELLITE/GOES/G08/4KM/2002/2002051/g08.2002051.0316
2002051	1316	56931	/JOSS/DATA/RAW/SATELLITE/GOES/G08/4KM/2002/2002051/g08.2002051.1316
2002051	1716	56931	/JOSS/DATA/RAW/SATELLITE/GOES/G08/4KM/2002/2002051/g08.2002051.1716
2002052	0116	38852	/JOSS/DATA/RAW/SATELLITE/GOES/G08/4KM/2002/2002052/g08.2002052.0116
2002052	0416	56931	/JOSS/DATA/RAW/SATELLITE/GOES/G08/4KM/2002/2002052/g08.2002052.0416
2002052	0516	56931	/JOSS/DATA/RAW/SATELLITE/GOES/G08/4KM/2002/2002052/g08.2002052.0516
2002053	1516	56931	/JOSS/DATA/RAW/SATELLITE/GOES/G08/4KM/2002/2002053/g08.2002053.1516
2002053	1616	56931	/JOSS/DATA/RAW/SATELLITE/GOES/G08/4KM/2002/2002053/g08.2002053.1616
2002053	1816	56931	/JOSS/DATA/RAW/SATELLITE/GOES/G08/4KM/2002/2002053/g08.2002053.1816
2002053	2116	38852	/JOSS/DATA/RAW/SATELLITE/GOES/G08/4KM/2002/2002053/g08.2002053.2116
2002054	1916	38852	/JOSS/DATA/RAW/SATELLITE/GOES/G08/4KM/2002/2002054/g08.2002054.1916
2002058	1716	56931	/JOSS/DATA/RAW/SATELLITE/GOES/G08/4KM/2002/2002058/g08.2002058.1716
2002059	0016	38852	/JOSS/DATA/RAW/SATELLITE/GOES/G08/4KM/2002/2002059/g08.2002059.0016
2002059	1716	56931	/JOSS/DATA/RAW/SATELLITE/GOES/G08/4KM/2002/2002059/g08.2002059.1716
2002060	1116	38852	/JOSS/DATA/RAW/SATELLITE/GOES/G08/4KM/2002/2002060/g08.2002060.1116
2002063	2016	56931	/JOSS/DATA/RAW/SATELLITE/GOES/G08/4KM/2002/2002063/g08.2002063.2016
2002064	1716	56931	/JOSS/DATA/RAW/SATELLITE/GOES/G08/4KM/2002/2002064/g08.2002064.1716
2002065	0116	56931	/JOSS/DATA/RAW/SATELLITE/GOES/G08/4KM/2002/2002065/g08.2002065.0116
2002066	2016	38852	/JOSS/DATA/RAW/SATELLITE/GOES/G08/4KM/2002/2002066/g08.2002066.2016
2002069	0016	38852	/JOSS/DATA/RAW/SATELLITE/GOES/G08/4KM/2002/2002069/g08.2002069.0016
2002069	2116	56931	/JOSS/DATA/RAW/SATELLITE/GOES/G08/4KM/2002/2002069/g08.2002069.2116
2002071	0316	56931	/JOSS/DATA/RAW/SATELLITE/GOES/G08/4KM/2002/2002071/g08.2002071.0316
2002072	0016	38852	/JOSS/DATA/RAW/SATELLITE/GOES/G08/4KM/2002/2002072/g08.2002072.0016
2002072	1116	56931	/JOSS/DATA/RAW/SATELLITE/GOES/G08/4KM/2002/2002072/g08.2002072.1116
2002075	0316	56931	/JOSS/DATA/RAW/SATELLITE/GOES/G08/4KM/2002/2002075/g08.2002075.0316
2002075	1816	56931	/JOSS/DATA/RAW/SATELLITE/GOES/G08/4KM/2002/2002075/g08.2002075.1816
2002076	1616	56931	/JOSS/DATA/RAW/SATELLITE/GOES/G08/4KM/2002/2002076/g08.2002076.1616
2002080	1916	56931	/JOSS/DATA/RAW/SATELLITE/GOES/G08/4KM/2002/2002080/g08.2002080.1916
2002082	1916	56931	/JOSS/DATA/RAW/SATELLITE/GOES/G08/4KM/2002/2002082/g08.2002082.1916
2002082	2016	56931	/JOSS/DATA/RAW/SATELLITE/GOES/G08/4KM/2002/2002082/g08.2002082.2016
2002083	0116	56931	/JOSS/DATA/RAW/SATELLITE/GOES/G08/4KM/2002/2002083/g08.2002083.0116
2002084	1116	56931	/JOSS/DATA/RAW/SATELLITE/GOES/G08/4KM/2002/2002084/g08.2002084.1116
2002084	2316	38852	/JOSS/DATA/RAW/SATELLITE/GOES/G08/4KM/2002/2002084/g08.2002084.2316
2002086	1616	56931	/JOSS/DATA/RAW/SATELLITE/GOES/G08/4KM/2002/2002086/g08.2002086.1616
2002087	1316	56931	/JOSS/DATA/RAW/SATELLITE/GOES/G08/4KM/2002/2002087/g08.2002087.1316
2002087	2016	56931	/JOSS/DATA/RAW/SATELLITE/GOES/G08/4KM/2002/2002087/g08.2002087.2016
2002087	2116	56931	/JOSS/DATA/RAW/SATELLITE/GOES/G08/4KM/2002/2002087/g08.2002087.2116
2002087	2316	56931	/JOSS/DATA/RAW/SATELLITE/GOES/G08/4KM/2002/2002087/g08.2002087.2316
2002088	2016	38852	/JOSS/DATA/RAW/SATELLITE/GOES/G08/4KM/2002/2002088/g08.2002088.2016
2002089	2016	19052	/JOSS/DATA/RAW/SATELLITE/GOES/G08/4KM/2002/2002089/g08.2002089.2016.gz
2002089	2116	18530	/JOSS/DATA/RAW/SATELLITE/GOES/G08/4KM/2002/2002089/g08.2002089.2116.gz
2002090	0816	47092	/JOSS/DATA/RAW/SATELLITE/GOES/G08/4KM/2002/2002090/g08.2002090.0816.gz
2002092	0116	24213	/JOSS/DATA/RAW/SATELLITE/GOES/G08/4KM/2002/2002092/g08.2002092.0116.gz
2002094	2016	27680	/JOSS/DATA/RAW/SATELLITE/GOES/G08/4KM/2002/2002094/g08.2002094.2016.gz
2002095	1716	28736	/JOSS/DATA/RAW/SATELLITE/GOES/G08/4KM/2002/2002095/g08.2002095.1716.gz
2002098	1416	25349	/JOSS/DATA/RAW/SATELLITE/GOES/G08/4KM/2002/2002098/g08.2002098.1416.gz
2002098	1916	19212	/JOSS/DATA/RAW/SATELLITE/GOES/G08/4KM/2002/2002098/g08.2002098.1916.gz
2002099	1816	20502	/JOSS/DATA/RAW/SATELLITE/GOES/G08/4KM/2002/2002099/g08.2002099.1816.gz
2002100	0016	16992	/JOSS/DATA/RAW/SATELLITE/GOES/G08/4KM/2002/2002100/g08.2002100.0016.gz
2002100	1916	19483	/JOSS/DATA/RAW/SATELLITE/GOES/G08/4KM/2002/2002100/g08.2002100.1916.gz
2002100	2116	26762	/JOSS/DATA/RAW/SATELLITE/GOES/G08/4KM/2002/2002100/g08.2002100.2116.gz
2002103	1516	28271	/JOSS/DATA/RAW/SATELLITE/GOES/G08/4KM/2002/2002103/g08.2002103.1516.gz
2002103	2116	18767	/JOSS/DATA/RAW/SATELLITE/GOES/G08/4KM/2002/2002103/g08.2002103.2116.gz
2002104	0216	23376	/JOSS/DATA/RAW/SATELLITE/GOES/G08/4KM/2002/2002104/g08.2002104.0216.gz
2002104	0416	24312	/JOSS/DATA/RAW/SATELLITE/GOES/G08/4KM/2002/2002104/g08.2002104.0416.gz
2002104	1016	25892	/JOSS/DATA/RAW/SATELLITE/GOES/G08/4KM/2002/2002104/g08.2002104.1016.gz
2002104	2016	28229	/JOSS/DATA/RAW/SATELLITE/GOES/G08/4KM/2002/2002104/g08.2002104.2016.gz
2002104	2216	26668	/JOSS/DATA/RAW/SATELLITE/GOES/G08/4KM/2002/2002104/g08.2002104.2216.gz
2002105	0716	24045	/JOSS/DATA/RAW/SATELLITE/GOES/G08/4KM/2002/2002105/g08.2002105.0716.gz
2002105	1816	28994	/JOSS/DATA/RAW/SATELLITE/GOES/G08/4KM/2002/2002105/g08.2002105.1816.gz
2002105	2316	25436	/JOSS/DATA/RAW/SATELLITE/GOES/G08/4KM/2002/2002105/g08.2002105.2316.gz
2002106	0316	22894	/JOSS/DATA/RAW/SATELLITE/GOES/G08/4KM/2002/2002106/g08.2002106.0316.gz
2002106	0416	23672	/JOSS/DATA/RAW/SATELLITE/GOES/G08/4KM/2002/2002106/g08.2002106.0416.gz
2002106	1016	25228	/JOSS/DATA/RAW/SATELLITE/GOES/G08/4KM/2002/2002106/g08.2002106.1016.gz
2002106	1716	19243	/JOSS/DATA/RAW/SATELLITE/GOES/G08/4KM/2002/2002106/g08.2002106.1716.gz
2002106	2116	18708	/JOSS/DATA/RAW/SATELLITE/GOES/G08/4KM/2002/2002106/g08.2002106.2116.gz
2002107	0016	17145	/JOSS/DATA/RAW/SATELLITE/GOES/G08/4KM/2002/2002107/g08.2002107.0016.gz
2002107	0116	16497	/JOSS/DATA/RAW/SATELLITE/GOES/G08/4KM/2002/2002107/g08.2002107.0116.gz
2002107	1716	29361	/JOSS/DATA/RAW/SATELLITE/GOES/G08/4KM/2002/2002107/g08.2002107.1716.gz
2002107	2216	17532	/JOSS/DATA/RAW/SATELLITE/GOES/G08/4KM/2002/2002107/g08.2002107.2216.gz
2002108	0216	15620	/JOSS/DATA/RAW/SATELLITE/GOES/G08/4KM/2002/2002108/g08.2002108.0216.gz
2002108	1816	19029	/JOSS/DATA/RAW/SATELLITE/GOES/G08/4KM/2002/2002108/g08.2002108.1816.gz
2002109	1516	19401	/JOSS/DATA/RAW/SATELLITE/GOES/G08/4KM/2002/2002109/g08.2002109.1516.gz
2002110	1916	28701	/JOSS/DATA/RAW/SATELLITE/GOES/G08/4KM/2002/2002110/g08.2002110.1916.gz
2002111	2316	16885	/JOSS/DATA/RAW/SATELLITE/GOES/G08/4KM/2002/2002111/g08.2002111.2316.gz
2002112	0016	17179	/JOSS/DATA/RAW/SATELLITE/GOES/G08/4KM/2002/2002112/g08.2002112.0016.gz
2002112	0416	24189	/JOSS/DATA/RAW/SATELLITE/GOES/G08/4KM/2002/2002112/g08.2002112.0416.gz
2002113	0016	17525	/JOSS/DATA/RAW/SATELLITE/GOES/G08/4KM/2002/2002113/g08.2002113.0016.gz
2002113	1316	27932	/JOSS/DATA/RAW/SATELLITE/GOES/G08/4KM/2002/2002113/g08.2002113.1316.gz
2002113	1916	20030	/JOSS/DATA/RAW/SATELLITE/GOES/G08/4KM/2002/2002113/g08.2002113.1916.gz
2002114	0116	16603	/JOSS/DATA/RAW/SATELLITE/GOES/G08/4KM/2002/2002114/g08.2002114.0116.gz
2002114	1116	26769	/JOSS/DATA/RAW/SATELLITE/GOES/G08/4KM/2002/2002114/g08.2002114.1116.gz
2002114	1416	28698	/JOSS/DATA/RAW/SATELLITE/GOES/G08/4KM/2002/2002114/g08.2002114.1416.gz
2002114	1516	19434	/JOSS/DATA/RAW/SATELLITE/GOES/G08/4KM/2002/2002114/g08.2002114.1516.gz
2002114	2316	17694	/JOSS/DATA/RAW/SATELLITE/GOES/G08/4KM/2002/2002114/g08.2002114.2316.gz
2002115	0116	16586	/JOSS/DATA/RAW/SATELLITE/GOES/G08/4KM/2002/2002115/g08.2002115.0116.gz
2002115	2216	26388	/JOSS/DATA/RAW/SATELLITE/GOES/G08/4KM/2002/2002115/g08.2002115.2216.gz
2002115	2316	25845	/JOSS/DATA/RAW/SATELLITE/GOES/G08/4KM/2002/2002115/g08.2002115.2316.gz
2002116	1316	27318	/JOSS/DATA/RAW/SATELLITE/GOES/G08/4KM/2002/2002116/g08.2002116.1316.gz
2002116	1716	29457	/JOSS/DATA/RAW/SATELLITE/GOES/G08/4KM/2002/2002116/g08.2002116.1716.gz
2002116	2016	28266	/JOSS/DATA/RAW/SATELLITE/GOES/G08/4KM/2002/2002116/g08.2002116.2016.gz
2002116	2216	26257	/JOSS/DATA/RAW/SATELLITE/GOES/G08/4KM/2002/2002116/g08.2002116.2216.gz
2002117	1616	28417	/JOSS/DATA/RAW/SATELLITE/GOES/G08/4KM/2002/2002117/g08.2002117.1616.gz
2002117	1916	18411	/JOSS/DATA/RAW/SATELLITE/GOES/G08/4KM/2002/2002117/g08.2002117.1916.gz
2002117	2216	17396	/JOSS/DATA/RAW/SATELLITE/GOES/G08/4KM/2002/2002117/g08.2002117.2216.gz
2002118	0216	23139	/JOSS/DATA/RAW/SATELLITE/GOES/G08/4KM/2002/2002118/g08.2002118.0216.gz
2002118	1116	25549	/JOSS/DATA/RAW/SATELLITE/GOES/G08/4KM/2002/2002118/g08.2002118.1116.gz
2002118	1416	26597	/JOSS/DATA/RAW/SATELLITE/GOES/G08/4KM/2002/2002118/g08.2002118.1416.gz
2002118	2116	17507	/JOSS/DATA/RAW/SATELLITE/GOES/G08/4KM/2002/2002118/g08.2002118.2116.gz
2002118	2316	17012	/JOSS/DATA/RAW/SATELLITE/GOES/G08/4KM/2002/2002118/g08.2002118.2316.gz
2002119	0116	23008	/JOSS/DATA/RAW/SATELLITE/GOES/G08/4KM/2002/2002119/g08.2002119.0116.gz
2002119	0216	22648	/JOSS/DATA/RAW/SATELLITE/GOES/G08/4KM/2002/2002119/g08.2002119.0216.gz
2002119	0516	23182	/JOSS/DATA/RAW/SATELLITE/GOES/G08/4KM/2002/2002119/g08.2002119.0516.gz
2002119	0616	23020	/JOSS/DATA/RAW/SATELLITE/GOES/G08/4KM/2002/2002119/g08.2002119.0616.gz
2002119	1316	25988	/JOSS/DATA/RAW/SATELLITE/GOES/G08/4KM/2002/2002119/g08.2002119.1316.gz
2002119	1516	27718	/JOSS/DATA/RAW/SATELLITE/GOES/G08/4KM/2002/2002119/g08.2002119.1516.gz
2002119	1616	2233	/JOSS/DATA/RAW/SATELLITE/GOES/G08/4KM/2002/2002119/g08.2002119.1616.gz
2002119	1716	28631	/JOSS/DATA/RAW/SATELLITE/GOES/G08/4KM/2002/2002119/g08.2002119.1716.gz
2002119	1916	27459	/JOSS/DATA/RAW/SATELLITE/GOES/G08/4KM/2002/2002119/g08.2002119.1916.gz
2002120	0216	22526	/JOSS/DATA/RAW/SATELLITE/GOES/G08/4KM/2002/2002120/g08.2002120.0216.gz
2002120	0416	23595	/JOSS/DATA/RAW/SATELLITE/GOES/G08/4KM/2002/2002120/g08.2002120.0416.gz
2002120	1216	26120	/JOSS/DATA/RAW/SATELLITE/GOES/G08/4KM/2002/2002120/g08.2002120.1216.gz
2002120	1316	26202	/JOSS/DATA/RAW/SATELLITE/GOES/G08/4KM/2002/2002120/g08.2002120.1316.gz
2002120	1616	27903	/JOSS/DATA/RAW/SATELLITE/GOES/G08/4KM/2002/2002120/g08.2002120.1616.gz
2002120	1716	28428	/JOSS/DATA/RAW/SATELLITE/GOES/G08/4KM/2002/2002120/g08.2002120.1716.gz
2002120	1816	27771	/JOSS/DATA/RAW/SATELLITE/GOES/G08/4KM/2002/2002120/g08.2002120.1816.gz
2002120	2216	25324	/JOSS/DATA/RAW/SATELLITE/GOES/G08/4KM/2002/2002120/g08.2002120.2216.gz
2002121	0116	23018	/JOSS/DATA/RAW/SATELLITE/GOES/G08/4KM/2002/2002121/g08.2002121.0116.gz
2002121	0716	22393	/JOSS/DATA/RAW/SATELLITE/GOES/G08/4KM/2002/2002121/g08.2002121.0716.gz
2002121	1416	26127	/JOSS/DATA/RAW/SATELLITE/GOES/G08/4KM/2002/2002121/g08.2002121.1416.gz
2002121	1616	27699	/JOSS/DATA/RAW/SATELLITE/GOES/G08/4KM/2002/2002121/g08.2002121.1616.gz
2002121	1816	27461	/JOSS/DATA/RAW/SATELLITE/GOES/G08/4KM/2002/2002121/g08.2002121.1816.gz
2002122	0816	23670	/JOSS/DATA/RAW/SATELLITE/GOES/G08/4KM/2002/2002122/g08.2002122.0816.gz
2002122	1516	26685	/JOSS/DATA/RAW/SATELLITE/GOES/G08/4KM/2002/2002122/g08.2002122.1516.gz
2002122	2316	16755	/JOSS/DATA/RAW/SATELLITE/GOES/G08/4KM/2002/2002122/g08.2002122.2316.gz
2002123	1316	25487	/JOSS/DATA/RAW/SATELLITE/GOES/G08/4KM/2002/2002123/g08.2002123.1316.gz
2002123	2116	25454	/JOSS/DATA/RAW/SATELLITE/GOES/G08/4KM/2002/2002123/g08.2002123.2116.gz
2002123	2216	25042	/JOSS/DATA/RAW/SATELLITE/GOES/G08/4KM/2002/2002123/g08.2002123.2216.gz
2002123	2316	24155	/JOSS/DATA/RAW/SATELLITE/GOES/G08/4KM/2002/2002123/g08.2002123.2316.gz
2002124	0516	23160	/JOSS/DATA/RAW/SATELLITE/GOES/G08/4KM/2002/2002124/g08.2002124.0516.gz
2002124	0816	23838	/JOSS/DATA/RAW/SATELLITE/GOES/G08/4KM/2002/2002124/g08.2002124.0816.gz
2002124	1816	27716	/JOSS/DATA/RAW/SATELLITE/GOES/G08/4KM/2002/2002124/g08.2002124.1816.gz
2002124	1916	27498	/JOSS/DATA/RAW/SATELLITE/GOES/G08/4KM/2002/2002124/g08.2002124.1916.gz
2002124	2116	26050	/JOSS/DATA/RAW/SATELLITE/GOES/G08/4KM/2002/2002124/g08.2002124.2116.gz
2002125	0116	23042	/JOSS/DATA/RAW/SATELLITE/GOES/G08/4KM/2002/2002125/g08.2002125.0116.gz
2002125	0916	24460	/JOSS/DATA/RAW/SATELLITE/GOES/G08/4KM/2002/2002125/g08.2002125.0916.gz
2002125	1516	26788	/JOSS/DATA/RAW/SATELLITE/GOES/G08/4KM/2002/2002125/g08.2002125.1516.gz
2002125	1616	26214	/JOSS/DATA/RAW/SATELLITE/GOES/G08/4KM/2002/2002125/g08.2002125.1616.gz
2002125	2116	18167	/JOSS/DATA/RAW/SATELLITE/GOES/G08/4KM/2002/2002125/g08.2002125.2116.gz
2002126	0816	23884	/JOSS/DATA/RAW/SATELLITE/GOES/G08/4KM/2002/2002126/g08.2002126.0816.gz
2002126	1316	26060	/JOSS/DATA/RAW/SATELLITE/GOES/G08/4KM/2002/2002126/g08.2002126.1316.gz
2002126	1916	18881	/JOSS/DATA/RAW/SATELLITE/GOES/G08/4KM/2002/2002126/g08.2002126.1916.gz
2002126	2016	17770	/JOSS/DATA/RAW/SATELLITE/GOES/G08/4KM/2002/2002126/g08.2002126.2016.gz
2002126	2316	14385	/JOSS/DATA/RAW/SATELLITE/GOES/G08/4KM/2002/2002126/g08.2002126.2316.gz
2002127	0516	15238	/JOSS/DATA/RAW/SATELLITE/GOES/G08/4KM/2002/2002127/g08.2002127.0516.gz
2002128	0116	15851	/JOSS/DATA/RAW/SATELLITE/GOES/G08/4KM/2002/2002128/g08.2002128.0116.gz
2002129	1916	28078	/JOSS/DATA/RAW/SATELLITE/GOES/G08/4KM/2002/2002129/g08.2002129.1916.gz
2002130	0816	24198	/JOSS/DATA/RAW/SATELLITE/GOES/G08/4KM/2002/2002130/g08.2002130.0816.gz
2002130	1216	25883	/JOSS/DATA/RAW/SATELLITE/GOES/G08/4KM/2002/2002130/g08.2002130.1216.gz
2002130	1916	28351	/JOSS/DATA/RAW/SATELLITE/GOES/G08/4KM/2002/2002130/g08.2002130.1916.gz
2002131	0316	22832	/JOSS/DATA/RAW/SATELLITE/GOES/G08/4KM/2002/2002131/g08.2002131.0316.gz
2002131	1516	27804	/JOSS/DATA/RAW/SATELLITE/GOES/G08/4KM/2002/2002131/g08.2002131.1516.gz
2002132	0316	23165	/JOSS/DATA/RAW/SATELLITE/GOES/G08/4KM/2002/2002132/g08.2002132.0316.gz
2002133	0716	23586	/JOSS/DATA/RAW/SATELLITE/GOES/G08/4KM/2002/2002133/g08.2002133.0716.gz
2002133	1916	19085	/JOSS/DATA/RAW/SATELLITE/GOES/G08/4KM/2002/2002133/g08.2002133.1916.gz
2002134	0616	23376	/JOSS/DATA/RAW/SATELLITE/GOES/G08/4KM/2002/2002134/g08.2002134.0616.gz
2002134	1216	25860	/JOSS/DATA/RAW/SATELLITE/GOES/G08/4KM/2002/2002134/g08.2002134.1216.gz
2002135	1916	28285	/JOSS/DATA/RAW/SATELLITE/GOES/G08/4KM/2002/2002135/g08.2002135.1916.gz
2002135	2016	27658	/JOSS/DATA/RAW/SATELLITE/GOES/G08/4KM/2002/2002135/g08.2002135.2016.gz
2002136	0216	23068	/JOSS/DATA/RAW/SATELLITE/GOES/G08/4KM/2002/2002136/g08.2002136.0216.gz
2002136	0316	23350	/JOSS/DATA/RAW/SATELLITE/GOES/G08/4KM/2002/2002136/g08.2002136.0316.gz
2002136	1716	28504	/JOSS/DATA/RAW/SATELLITE/GOES/G08/4KM/2002/2002136/g08.2002136.1716.gz
2002136	1916	27948	/JOSS/DATA/RAW/SATELLITE/GOES/G08/4KM/2002/2002136/g08.2002136.1916.gz
2002138	0216	23260	/JOSS/DATA/RAW/SATELLITE/GOES/G08/4KM/2002/2002138/g08.2002138.0216.gz
2002140	0016	17711	/JOSS/DATA/RAW/SATELLITE/GOES/G08/4KM/2002/2002140/g08.2002140.0016.gz
2002140	1516	28981	/JOSS/DATA/RAW/SATELLITE/GOES/G08/4KM/2002/2002140/g08.2002140.1516.gz
2002141	0816	24928	/JOSS/DATA/RAW/SATELLITE/GOES/G08/4KM/2002/2002141/g08.2002141.0816.gz
2002144	1216	26761	/JOSS/DATA/RAW/SATELLITE/GOES/G08/4KM/2002/2002144/g08.2002144.1216.gz
2002145	2216	26859	/JOSS/DATA/RAW/SATELLITE/GOES/G08/4KM/2002/2002145/g08.2002145.2216.gz
2002145	2316	26249	/JOSS/DATA/RAW/SATELLITE/GOES/G08/4KM/2002/2002145/g08.2002145.2316.gz
2002146	1416	28185	/JOSS/DATA/RAW/SATELLITE/GOES/G08/4KM/2002/2002146/g08.2002146.1416.gz
2002147	2016	20480	/JOSS/DATA/RAW/SATELLITE/GOES/G08/4KM/2002/2002147/g08.2002147.2016.gz
2002147	2116	19985	/JOSS/DATA/RAW/SATELLITE/GOES/G08/4KM/2002/2002147/g08.2002147.2116.gz
2002149	1616	29251	/JOSS/DATA/RAW/SATELLITE/GOES/G08/4KM/2002/2002149/g08.2002149.1616.gz
2002149	1716	29683	/JOSS/DATA/RAW/SATELLITE/GOES/G08/4KM/2002/2002149/g08.2002149.1716.gz
2002149	2016	28858	/JOSS/DATA/RAW/SATELLITE/GOES/G08/4KM/2002/2002149/g08.2002149.2016.gz
2002150	1516	29308	/JOSS/DATA/RAW/SATELLITE/GOES/G08/4KM/2002/2002150/g08.2002150.1516.gz
2002150	2016	20465	/JOSS/DATA/RAW/SATELLITE/GOES/G08/4KM/2002/2002150/g08.2002150.2016.gz
2002151	0116	17636	/JOSS/DATA/RAW/SATELLITE/GOES/G08/4KM/2002/2002151/g08.2002151.0116.gz
2002153	1216	26613	/JOSS/DATA/RAW/SATELLITE/GOES/G08/4KM/2002/2002153/g08.2002153.1216.gz
2002155	0216	23845	/JOSS/DATA/RAW/SATELLITE/GOES/G08/4KM/2002/2002155/g08.2002155.0216.gz
2002155	1316	26937	/JOSS/DATA/RAW/SATELLITE/GOES/G08/4KM/2002/2002155/g08.2002155.1316.gz
2002156	1716	20614	/JOSS/DATA/RAW/SATELLITE/GOES/G08/4KM/2002/2002156/g08.2002156.1716.gz
2002157	0016	18115	/JOSS/DATA/RAW/SATELLITE/GOES/G08/4KM/2002/2002157/g08.2002157.0016.gz
2002157	1916	29312	/JOSS/DATA/RAW/SATELLITE/GOES/G08/4KM/2002/2002157/g08.2002157.1916.gz
2002158	0116	24443	/JOSS/DATA/RAW/SATELLITE/GOES/G08/4KM/2002/2002158/g08.2002158.0116.gz
2002158	1216	26922	/JOSS/DATA/RAW/SATELLITE/GOES/G08/4KM/2002/2002158/g08.2002158.1216.gz
2002159	0216	23897	/JOSS/DATA/RAW/SATELLITE/GOES/G08/4KM/2002/2002159/g08.2002159.0216.gz
2002159	2216	19002	/JOSS/DATA/RAW/SATELLITE/GOES/G08/4KM/2002/2002159/g08.2002159.2216.gz
2002160	0816	24721	/JOSS/DATA/RAW/SATELLITE/GOES/G08/4KM/2002/2002160/g08.2002160.0816.gz
2002160	1116	25847	/JOSS/DATA/RAW/SATELLITE/GOES/G08/4KM/2002/2002160/g08.2002160.1116.gz
2002160	2216	18733	/JOSS/DATA/RAW/SATELLITE/GOES/G08/4KM/2002/2002160/g08.2002160.2216.gz
2002162	1016	25190	/JOSS/DATA/RAW/SATELLITE/GOES/G08/4KM/2002/2002162/g08.2002162.1016.gz
2002163	0516	23279	/JOSS/DATA/RAW/SATELLITE/GOES/G08/4KM/2002/2002163/g08.2002163.0516.gz
2002163	0716	23694	/JOSS/DATA/RAW/SATELLITE/GOES/G08/4KM/2002/2002163/g08.2002163.0716.gz
2002163	1716	19907	/JOSS/DATA/RAW/SATELLITE/GOES/G08/4KM/2002/2002163/g08.2002163.1716.gz
2002164	1816	28310	/JOSS/DATA/RAW/SATELLITE/GOES/G08/4KM/2002/2002164/g08.2002164.1816.gz
2002165	2116	19075	/JOSS/DATA/RAW/SATELLITE/GOES/G08/4KM/2002/2002165/g08.2002165.2116.gz
2002165	2316	18059	/JOSS/DATA/RAW/SATELLITE/GOES/G08/4KM/2002/2002165/g08.2002165.2316.gz
2002166	1716	28556	/JOSS/DATA/RAW/SATELLITE/GOES/G08/4KM/2002/2002166/g08.2002166.1716.gz
2002167	1516	27229	/JOSS/DATA/RAW/SATELLITE/GOES/G08/4KM/2002/2002167/g08.2002167.1516.gz
2002169	2016	19270	/JOSS/DATA/RAW/SATELLITE/GOES/G08/4KM/2002/2002169/g08.2002169.2016.gz
2002170	1216	17826	/JOSS/DATA/RAW/SATELLITE/GOES/G08/4KM/2002/2002170/g08.2002170.1216.gz
2002170	1916	27865	/JOSS/DATA/RAW/SATELLITE/GOES/G08/4KM/2002/2002170/g08.2002170.1916.gz
2002171	1916	27731	/JOSS/DATA/RAW/SATELLITE/GOES/G08/4KM/2002/2002171/g08.2002171.1916.gz
2002172	1616	28094	/JOSS/DATA/RAW/SATELLITE/GOES/G08/4KM/2002/2002172/g08.2002172.1616.gz
2002174	0816	24595	/JOSS/DATA/RAW/SATELLITE/GOES/G08/4KM/2002/2002174/g08.2002174.0816.gz
2002174	2216	18767	/JOSS/DATA/RAW/SATELLITE/GOES/G08/4KM/2002/2002174/g08.2002174.2216.gz
2002174	2316	18168	/JOSS/DATA/RAW/SATELLITE/GOES/G08/4KM/2002/2002174/g08.2002174.2316.gz
2002175	0616	16372	/JOSS/DATA/RAW/SATELLITE/GOES/G08/4KM/2002/2002175/g08.2002175.0616.gz
2002177	1716	28655	/JOSS/DATA/RAW/SATELLITE/GOES/G08/4KM/2002/2002177/g08.2002177.1716.gz
2002177	0616	24144	/JOSS/DATA/RAW/SATELLITE/GOES/G08/4KM/2002/2002177/g08.2002177.0616.gz
2002180	1516	27516	/JOSS/DATA/RAW/SATELLITE/GOES/G08/4KM/2002/2002180/g08.2002180.1516.gz
2002186	0316	23395	/JOSS/DATA/RAW/SATELLITE/GOES/G08/4KM/2002/2002186/g08.2002186.0316.gz
2002187	1716	19781	/JOSS/DATA/RAW/SATELLITE/GOES/G08/4KM/2002/2002187/g08.2002187.1716.gz
2002189	0616	23597	/JOSS/DATA/RAW/SATELLITE/GOES/G08/4KM/2002/2002189/g08.2002189.0616.gz
2002189	2016	27616	/JOSS/DATA/RAW/SATELLITE/GOES/G08/4KM/2002/2002189/g08.2002189.2016.gz
2002190	1616	19139	/JOSS/DATA/RAW/SATELLITE/GOES/G08/4KM/2002/2002190/g08.2002190.1616.gz
2002190	1916	19584	/JOSS/DATA/RAW/SATELLITE/GOES/G08/4KM/2002/2002190/g08.2002190.1916.gz
2002190	2116	19167	/JOSS/DATA/RAW/SATELLITE/GOES/G08/4KM/2002/2002190/g08.2002190.2116.gz
2002191	1116	25491	/JOSS/DATA/RAW/SATELLITE/GOES/G08/4KM/2002/2002191/g08.2002191.1116.gz
2002192	0016	17534	/JOSS/DATA/RAW/SATELLITE/GOES/G08/4KM/2002/2002192/g08.2002192.0016.gz
2002193	0316	23180	/JOSS/DATA/RAW/SATELLITE/GOES/G08/4KM/2002/2002193/g08.2002193.0316.gz
2002194	1116	25436	/JOSS/DATA/RAW/SATELLITE/GOES/G08/4KM/2002/2002194/g08.2002194.1116.gz
2002195	0016	17463	/JOSS/DATA/RAW/SATELLITE/GOES/G08/4KM/2002/2002195/g08.2002195.0016.gz
2002195	1716	28682	/JOSS/DATA/RAW/SATELLITE/GOES/G08/4KM/2002/2002195/g08.2002195.1716.gz
2002195	1816	28680	/JOSS/DATA/RAW/SATELLITE/GOES/G08/4KM/2002/2002195/g08.2002195.1816.gz
2002195	1916	28426	/JOSS/DATA/RAW/SATELLITE/GOES/G08/4KM/2002/2002195/g08.2002195.1916.gz
2002196	2116	27059	/JOSS/DATA/RAW/SATELLITE/GOES/G08/4KM/2002/2002196/g08.2002196.2116.gz
2002198	0516	23986	/JOSS/DATA/RAW/SATELLITE/GOES/G08/4KM/2002/2002198/g08.2002198.0516.gz
2002198	1216	26372	/JOSS/DATA/RAW/SATELLITE/GOES/G08/4KM/2002/2002198/g08.2002198.1216.gz
2002198	1716	29108	/JOSS/DATA/RAW/SATELLITE/GOES/G08/4KM/2002/2002198/g08.2002198.1716.gz
2002198	2316	18068	/JOSS/DATA/RAW/SATELLITE/GOES/G08/4KM/2002/2002198/g08.2002198.2316.gz
2002199	0216	23643	/JOSS/DATA/RAW/SATELLITE/GOES/G08/4KM/2002/2002199/g08.2002199.0216.gz
2002199	0416	23462	/JOSS/DATA/RAW/SATELLITE/GOES/G08/4KM/2002/2002199/g08.2002199.0416.gz
2002199	1516	27628	/JOSS/DATA/RAW/SATELLITE/GOES/G08/4KM/2002/2002199/g08.2002199.1516.gz
2002200	0416	23467	/JOSS/DATA/RAW/SATELLITE/GOES/G08/4KM/2002/2002200/g08.2002200.0416.gz
2002200	0616	23530	/JOSS/DATA/RAW/SATELLITE/GOES/G08/4KM/2002/2002200/g08.2002200.0616.gz
2002200	0916	24637	/JOSS/DATA/RAW/SATELLITE/GOES/G08/4KM/2002/2002200/g08.2002200.0916.gz
2002200	1116	25484	/JOSS/DATA/RAW/SATELLITE/GOES/G08/4KM/2002/2002200/g08.2002200.1116.gz
2002200	1216	26033	/JOSS/DATA/RAW/SATELLITE/GOES/G08/4KM/2002/2002200/g08.2002200.1216.gz
2002201	0016	17573	/JOSS/DATA/RAW/SATELLITE/GOES/G08/4KM/2002/2002201/g08.2002201.0016.gz
2002201	1316	26250	/JOSS/DATA/RAW/SATELLITE/GOES/G08/4KM/2002/2002201/g08.2002201.1316.gz
2002201	1516	27611	/JOSS/DATA/RAW/SATELLITE/GOES/G08/4KM/2002/2002201/g08.2002201.1516.gz
2002202	0816	23533	/JOSS/DATA/RAW/SATELLITE/GOES/G08/4KM/2002/2002202/g08.2002202.0816.gz
2002202	1016	24388	/JOSS/DATA/RAW/SATELLITE/GOES/G08/4KM/2002/2002202/g08.2002202.1016.gz
2002203	1516	26957	/JOSS/DATA/RAW/SATELLITE/GOES/G08/4KM/2002/2002203/g08.2002203.1516.gz
2002203	1616	27925	/JOSS/DATA/RAW/SATELLITE/GOES/G08/4KM/2002/2002203/g08.2002203.1616.gz
2002203	2116	18275	/JOSS/DATA/RAW/SATELLITE/GOES/G08/4KM/2002/2002203/g08.2002203.2116.gz
2002204	0316	22753	/JOSS/DATA/RAW/SATELLITE/GOES/G08/4KM/2002/2002204/g08.2002204.0316.gz
2002204	1016	24326	/JOSS/DATA/RAW/SATELLITE/GOES/G08/4KM/2002/2002204/g08.2002204.1016.gz
2002204	1316	25526	/JOSS/DATA/RAW/SATELLITE/GOES/G08/4KM/2002/2002204/g08.2002204.1316.gz
2002204	1716	19326	/JOSS/DATA/RAW/SATELLITE/GOES/G08/4KM/2002/2002204/g08.2002204.1716.gz
2002205	1516	27214	/JOSS/DATA/RAW/SATELLITE/GOES/G08/4KM/2002/2002205/g08.2002205.1516.gz
2002205	1816	28424	/JOSS/DATA/RAW/SATELLITE/GOES/G08/4KM/2002/2002205/g08.2002205.1816.gz
2002205	2116	18966	/JOSS/DATA/RAW/SATELLITE/GOES/G08/4KM/2002/2002205/g08.2002205.2116.gz
2002205	2216	18435	/JOSS/DATA/RAW/SATELLITE/GOES/G08/4KM/2002/2002205/g08.2002205.2216.gz
2002205	2316	17834	/JOSS/DATA/RAW/SATELLITE/GOES/G08/4KM/2002/2002205/g08.2002205.2316.gz
2002206	0516	23088	/JOSS/DATA/RAW/SATELLITE/GOES/G08/4KM/2002/2002206/g08.2002206.0516.gz
2002206	0716	23477	/JOSS/DATA/RAW/SATELLITE/GOES/G08/4KM/2002/2002206/g08.2002206.0716.gz
2002206	0816	23944	/JOSS/DATA/RAW/SATELLITE/GOES/G08/4KM/2002/2002206/g08.2002206.0816.gz
2002206	1016	24472	/JOSS/DATA/RAW/SATELLITE/GOES/G08/4KM/2002/2002206/g08.2002206.1016.gz
2002206	1216	25625	/JOSS/DATA/RAW/SATELLITE/GOES/G08/4KM/2002/2002206/g08.2002206.1216.gz
2002206	1416	26699	/JOSS/DATA/RAW/SATELLITE/GOES/G08/4KM/2002/2002206/g08.2002206.1416.gz
2002206	1516	26933	/JOSS/DATA/RAW/SATELLITE/GOES/G08/4KM/2002/2002206/g08.2002206.1516.gz
2002206	1716	19583	/JOSS/DATA/RAW/SATELLITE/GOES/G08/4KM/2002/2002206/g08.2002206.1716.gz
2002206	1916	19786	/JOSS/DATA/RAW/SATELLITE/GOES/G08/4KM/2002/2002206/g08.2002206.1916.gz
2002206	2016	28146	/JOSS/DATA/RAW/SATELLITE/GOES/G08/4KM/2002/2002206/g08.2002206.2016.gz
2002206	2116	27563	/JOSS/DATA/RAW/SATELLITE/GOES/G08/4KM/2002/2002206/g08.2002206.2116.gz
2002207	0216	16406	/JOSS/DATA/RAW/SATELLITE/GOES/G08/4KM/2002/2002207/g08.2002207.0216.gz
2002207	0416	16291	/JOSS/DATA/RAW/SATELLITE/GOES/G08/4KM/2002/2002207/g08.2002207.0416.gz
2002207	0516	15831	/JOSS/DATA/RAW/SATELLITE/GOES/G08/4KM/2002/2002207/g08.2002207.0516.gz
2002207	1416	26670	/JOSS/DATA/RAW/SATELLITE/GOES/G08/4KM/2002/2002207/g08.2002207.1416.gz
2002208	0616	23034	/JOSS/DATA/RAW/SATELLITE/GOES/G08/4KM/2002/2002208/g08.2002208.0616.gz
2002208	0716	23609	/JOSS/DATA/RAW/SATELLITE/GOES/G08/4KM/2002/2002208/g08.2002208.0716.gz
2002208	0816	23983	/JOSS/DATA/RAW/SATELLITE/GOES/G08/4KM/2002/2002208/g08.2002208.0816.gz
2002208	1116	25202	/JOSS/DATA/RAW/SATELLITE/GOES/G08/4KM/2002/2002208/g08.2002208.1116.gz
2002208	1316	26439	/JOSS/DATA/RAW/SATELLITE/GOES/G08/4KM/2002/2002208/g08.2002208.1316.gz
2002208	1716	28587	/JOSS/DATA/RAW/SATELLITE/GOES/G08/4KM/2002/2002208/g08.2002208.1716.gz
2002209	0516	16113	/JOSS/DATA/RAW/SATELLITE/GOES/G08/4KM/2002/2002209/g08.2002209.0516.gz
2002209	0916	24393	/JOSS/DATA/RAW/SATELLITE/GOES/G08/4KM/2002/2002209/g08.2002209.0916.gz
2002209	1216	24815	/JOSS/DATA/RAW/SATELLITE/GOES/G08/4KM/2002/2002209/g08.2002209.1216.gz
2002209	1416	26256	/JOSS/DATA/RAW/SATELLITE/GOES/G08/4KM/2002/2002209/g08.2002209.1416.gz
2002209	1516	27156	/JOSS/DATA/RAW/SATELLITE/GOES/G08/4KM/2002/2002209/g08.2002209.1516.gz
2002209	1616	27546	/JOSS/DATA/RAW/SATELLITE/GOES/G08/4KM/2002/2002209/g08.2002209.1616.gz
2002209	2316	17543	/JOSS/DATA/RAW/SATELLITE/GOES/G08/4KM/2002/2002209/g08.2002209.2316.gz
2002210	0016	17110	/JOSS/DATA/RAW/SATELLITE/GOES/G08/4KM/2002/2002210/g08.2002210.0016.gz
2002210	0116	16452	/JOSS/DATA/RAW/SATELLITE/GOES/G08/4KM/2002/2002210/g08.2002210.0116.gz
2002210	0216	22812	/JOSS/DATA/RAW/SATELLITE/GOES/G08/4KM/2002/2002210/g08.2002210.0216.gz
2002210	0316	22641	/JOSS/DATA/RAW/SATELLITE/GOES/G08/4KM/2002/2002210/g08.2002210.0316.gz
2002210	0516	22882	/JOSS/DATA/RAW/SATELLITE/GOES/G08/4KM/2002/2002210/g08.2002210.0516.gz
2002210	0616	22783	/JOSS/DATA/RAW/SATELLITE/GOES/G08/4KM/2002/2002210/g08.2002210.0616.gz
2002210	0816	23224	/JOSS/DATA/RAW/SATELLITE/GOES/G08/4KM/2002/2002210/g08.2002210.0816.gz
2002210	0916	23973	/JOSS/DATA/RAW/SATELLITE/GOES/G08/4KM/2002/2002210/g08.2002210.0916.gz
2002210	1016	24089	/JOSS/DATA/RAW/SATELLITE/GOES/G08/4KM/2002/2002210/g08.2002210.1016.gz
2002210	1516	25803	/JOSS/DATA/RAW/SATELLITE/GOES/G08/4KM/2002/2002210/g08.2002210.1516.gz
2002210	1916	18944	/JOSS/DATA/RAW/SATELLITE/GOES/G08/4KM/2002/2002210/g08.2002210.1916.gz
2002210	2016	18762	/JOSS/DATA/RAW/SATELLITE/GOES/G08/4KM/2002/2002210/g08.2002210.2016.gz
2002211	0016	17024	/JOSS/DATA/RAW/SATELLITE/GOES/G08/4KM/2002/2002211/g08.2002211.0016.gz
2002211	0116	23325	/JOSS/DATA/RAW/SATELLITE/GOES/G08/4KM/2002/2002211/g08.2002211.0116.gz
2002211	0616	22916	/JOSS/DATA/RAW/SATELLITE/GOES/G08/4KM/2002/2002211/g08.2002211.0616.gz
2002211	0716	22495	/JOSS/DATA/RAW/SATELLITE/GOES/G08/4KM/2002/2002211/g08.2002211.0716.gz
2002211	1116	24484	/JOSS/DATA/RAW/SATELLITE/GOES/G08/4KM/2002/2002211/g08.2002211.1116.gz
2002211	1316	25394	/JOSS/DATA/RAW/SATELLITE/GOES/G08/4KM/2002/2002211/g08.2002211.1316.gz
2002211	1416	24857	/JOSS/DATA/RAW/SATELLITE/GOES/G08/4KM/2002/2002211/g08.2002211.1416.gz
2002211	1516	26617	/JOSS/DATA/RAW/SATELLITE/GOES/G08/4KM/2002/2002211/g08.2002211.1516.gz
2002211	1616	27180	/JOSS/DATA/RAW/SATELLITE/GOES/G08/4KM/2002/2002211/g08.2002211.1616.gz
2002211	1716	26627	/JOSS/DATA/RAW/SATELLITE/GOES/G08/4KM/2002/2002211/g08.2002211.1716.gz
2002211	1916	27433	/JOSS/DATA/RAW/SATELLITE/GOES/G08/4KM/2002/2002211/g08.2002211.1916.gz
2002211	2016	25629	/JOSS/DATA/RAW/SATELLITE/GOES/G08/4KM/2002/2002211/g08.2002211.2016.gz
2002212	1216	24341	/JOSS/DATA/RAW/SATELLITE/GOES/G08/4KM/2002/2002212/g08.2002212.1216.gz
2002212	0716	22756	/JOSS/DATA/RAW/SATELLITE/GOES/G08/4KM/2002/2002212/g08.2002212.0716.gz
2002215	0816	22131	/JOSS/DATA/RAW/SATELLITE/GOES/G08/4KM/2002/2002215/g08.2002215.0816.gz
2002215	2316	23770	/JOSS/DATA/RAW/SATELLITE/GOES/G08/4KM/2002/2002215/g08.2002215.2316.gz
2002216	1616	25775	/JOSS/DATA/RAW/SATELLITE/GOES/G08/4KM/2002/2002216/g08.2002216.1616.gz
2002217	0316	21627	/JOSS/DATA/RAW/SATELLITE/GOES/G08/4KM/2002/2002217/g08.2002217.0316.gz
2002218	0316	21527	/JOSS/DATA/RAW/SATELLITE/GOES/G08/4KM/2002/2002218/g08.2002218.0316.gz
2002258	2016	20132	/JOSS/DATA/RAW/SATELLITE/GOES/G08/4KM/2002/2002258/g08.2002258.2016.gz
2002260	1416	19436	/JOSS/DATA/RAW/SATELLITE/GOES/G08/4KM/2002/2002260/g08.2002260.1416.gz
2002260	1616	20265	/JOSS/DATA/RAW/SATELLITE/GOES/G08/4KM/2002/2002260/g08.2002260.1616.gz
2002260	1716	20490	/JOSS/DATA/RAW/SATELLITE/GOES/G08/4KM/2002/2002260/g08.2002260.1716.gz
2002260	2316	18310	/JOSS/DATA/RAW/SATELLITE/GOES/G08/4KM/2002/2002260/g08.2002260.2316.gz
2002261	0216	16773	/JOSS/DATA/RAW/SATELLITE/GOES/G08/4KM/2002/2002261/g08.2002261.0216.gz
